143 179
444 445
838 839
886 888
99 100
719 720
898 899
927 935
930 931
159 160
329 333
8 9
779 780
170 178
908 912
132 133
720 721
569 570
192 193
362 366
812 813
73 74
661 662
483 485
904 905
782 790
14 15
225 226
635 637
845 846
106 107
727 729
937 938
166 167
576 578
425 427
819 821
258 259
306 308
107 108
335 353
147 153
350 351
938 939
0 894
180 196
48 49
601 607
80 81
291 292
701 703
339 341
461 465
879 880
944 946
793 795
513 521
642 644
634 640
475 476
292 293
324 325
912 913
535 536
265 266
853 854
114 115
735 737
357 358
767 769
206 207
291 431
449 450
676 678
660 661
856 874
886 887
509 510
147 148
919 921
29 31
601 602
239 240
860 862
121 123
490 496
693 694
113 119
550 556
213 215
801 803
602 603
240 241
634 635
253 269
8 102
483 484
742 744
181 182
734 740
774 776
623 625
635 636
866 868
273 274
667 668
294 306
727 728
187 189
36 38
807 809
608 609
247 249
819 820
279 281
96 98
668 669
306 307
549 550
959 961
719 723
549 559
21 22
781 793
191 195
641 642
527 531
649 655
852 853
490 491
657 659
113 114
701 702
69 89
339 340
944 945
582 583
793 794
431 432
841 843
91 95
752 753
642 643
224 228
313 315
885 886
293 309
472 488
146 147
734 735
556 558
405 407
146 156
615 616
826 827
497 499
292 368
135 137
346 348
106 110
179 180
589 591
767 768
28 29
616 617
726 727
76 78
287 289
859 860
708 709
379 381
180 181
209 217
29 30
439 441
800 801
61 62
649 650
800 810
121 122
312 318
153 154
393 401
2 3
372 378
213 214
131 135
851 879
3 4
102 126
413 415
35 36
72 76
774 775
623 624
903 907
397 398
866 867
615 629
127 128
338 339
596 634
187 188
36 37
807 808
446 448
279 280
387 389
371 372
257 261
707 708
419 421
220 221
959 960
69 70
508 526
312 313
850 882
571 573
372 373
10 11
603 605
404 405
814 816
412 418
253 254
951 952
102 103
313 314
544 546
345 346
755 757
556 557
385 391
474 478
43 44
453 455
405 406
534 538
662 696
286 287
497 498
135 136
346 347
17 19
589 590
637 639
869 873
438 439
76 77
287 288
729 731
489 490
379 380
5 291
751 755
320 321
611 613
412 413
822 824
234 236
83 85
293 294
914 916
552 554
13 17
353 354
175 177
385 386
24 26
795 797
596 597
844 848
932 933
445 446
294 295
717 725
145 163
566 574
947 949
386 387
9 10
828 830
138 142
478 479
888 890
130 138
437 438
149 151
737 739
507 533
818 822
781 782
419 420
241 243
42 43
71 79
79 83
301 303
171 175
511 512
20 24
12 20
600 608
603 604
814 815
452 453
274 276
104 112
663 664
411 412
123 125
943 947
711 713
544 545
954 956
144 166
755 756
803 805
64 66
518 520
655 656
547 565
747 748
637 638
766 770
595 641
157 159
729 730
928 930
688 689
201 202
599 611
249 251
281 283
3 595
780 781
492 494
90 96
950 954
42 56
779 825
39 41
433 435
234 235
514 518
854 855
83 84
115 116
212 216
662 663
374 376
411 425
175 176
24 25
795 796
56 57
644 645
853 877
315 317
156 162
618 620
57 58
167 168
126 130
89 90
499 501
787 788
704 772
70 86
89 99
828 829
149 150
559 561
949 957
27 35
11 27
939 940
858 866
651 653
90 91
241 242
270 278
581 585
669 670
182 183
592 594
410 428
761 762
274 275
123 124
64 65
518 519
156 157
5 6
415 417
6 218
459 460
857 869
256 262
1 777
418 419
337 345
710 716
551 552
510 511
148 149
708 764
691 693
281 282
492 493
598 614
163 165
780 798
222 223
433 434
543 544
392 393
311 319
181 191
661 697
374 375
196 198
45 47
897 901
576 577
746 750
425 426
835 837
827 833
757 759
436 444
499 500
909 911
617 623
550 551
262 264
510 524
322 324
370 382
491 492
4 5
203 205
52 54
473 474
849 883
883 885
432 433
355 357
565 566
236 238
735 736
373 374
166 170
506 507
916 918
539 541
827 828
616 626
676 677
919 920
597 631
70 71
480 482
938 942
617 618
130 131
860 861
210 212
11 12
709 710
369 385
801 802
650 651
163 164
783 784
44 45
742 743
255 256
790 792
303 305
295 301
834 835
395 397
196 197
894 895
244 246
114 118
247 248
835 836
757 758
96 97
716 717
428 430
927 928
716 726
731 733
657 658
418 422
777 849
170 171
309 335
148 152
598 599
262 263
221 222
631 633
841 842
221 231
602 606
764 766
240 244
203 204
321 327
707 771
782 783
543 547
705 707
295 296
144 145
254 255
103 104
273 277
103 113
236 237
664 684
354 360
539 540
697 699
587 589
269 270
679 681
269 279
528 530
439 440
220 234
9 69
239 247
620 622
908 909
210 211
328 334
92 94
513 514
849 850
671 673
472 473
184 186
561 563
321 322
491 495
10 42
361 367
202 203
790 791
413 414
51 52
143 144
254 268
354 355
855 875
66 68
394 400
597 598
373 377
645 647
446 447
28 32
179 201
859 863
538 539
668 676
99 101
387 388
58 60
930 932
479 480
328 329
641 649
461 462
571 572
132 134
830 832
631 632
512 513
922 924
361 362
512 522
73 75
32 34
885 893
663 691
904 906
453 454
863 865
35 39
664 665
14 16
834 838
826 834
435 436
394 395
338 342
17 18
667 679
936 962
198 200
726 734
335 336
697 698
258 260
586 592
139 141
350 352
80 82
921 927
401 403
611 612
822 823
172 174
870 872
404 408
671 672
342 344
914 915
552 553
475 477
345 349
324 326
283 285
855 856
704 705
286 290
265 267
947 948
895 919
357 359
645 646
856 857
206 208
438 442
888 889
896 902
449 451
737 738
745 751
586 587
209 210
58 59
371 379
368 392
460 466
301 302
191 192
527 528
921 922
393 394
693 695
830 831
91 92
501 503
711 712
224 225
922 923
382 384
183 184
954 955
231 233
32 33
803 804
811 817
202 206
223 229
51 55
685 687
445 449
43 51
895 896
863 864
526 532
626 628
386 390
198 199
896 897
666 682
608 610
157 158
745 746
928 929
368 369
6 7
567 569
538 542
139 140
249 250
489 497
460 461
506 580
309 310
21 23
479 483
778 779
548 564
320 328
39 40
401 402
799 811
172 173
582 584
870 871
452 456
131 132
342 343
752 754
784 786
223 224
811 812
353 361
72 73
283 284
315 316
903 904
526 527
574 576
618 619
256 257
467 468
825 841
515 517
710 711
718 724
478 486
559 560
456 458
257 258
651 652
699 701
902 908
61 63
759 761
592 593
153 155
2 660
684 685
501 502
533 534
382 383
533 543
231 232
854 876
673 675
474 475
685 686
105 111
644 648
717 718
534 535
397 399
566 567
777 778
894 936
444 452
415 416
127 129
86 88
626 627
467 469
297 299
869 870
507 508
57 61
718 719
567 568
599 600
71 72
119 121
201 209
691 692
508 509
330 332
902 903
218 252
751 752
12 13
600 601
422 424
511 523
271 273
104 105
255 265
740 742
363 365
473 487
951 953
392 410
13 14
784 785
45 46
183 187
565 579
665 666
844 845
614 630
105 106
924 926
56 64
936 937
252 286
574 575
666 667
515 516
138 139
909 910
957 959
551 555
818 819
456 457
850 851
79 80
699 700
322 323
548 549
171 172
759 760
20 21
52 53
462 464
182 190
851 852
219 239
883 884
355 356
943 944
673 674
296 297
932 934
145 146
916 917
825 826
857 858
86 87
480 481
297 298
798 818
890 892
329 330
459 467
949 950
766 767
27 28
580 586
660 704
469 471
270 271
858 859
119 120
330 331
362 363
950 951
772 774
799 800
709 745
422 423
271 272
303 304
713 715
222 230
514 515
740 741
684 688
363 364
1 2
778 844
395 396
212 213
403 409
805 807
244 245
431 489
503 505
336 337
435 459
924 925
432 472
547 548
665 683
428 429
838 840
655 657
126 127
898 900
337 338
159 161
731 732
369 370
747 749
957 958
580 581
218 219
437 443
688 690
310 311
720 722
310 320
852 878
370 371
192 194
764 765
581 582
219 220
812 814
569 571
650 654
783 787
462 463
44 48
311 312
705 706
115 117
403 404
4 506
614 615
252 253
845 847
225 227
587 588
336 350
798 799
436 437
107 109
679 680
890 891
528 529
167 169
509 525
787 789
0 1
48 50
620 621
469 470
879 881
92 93
939 941
561 562
184 185
772 773
410 411
669 671
7 143
912 914
535 537
713 714
761 763
805 806
66 67
503 504
897 898
296 300
746 747
937 943
7 8
595 596
