444 445
99 100
358 360
159 160
8 9
100 101
129 137
391 393
92 106
200 206
376 377
14 15
424 426
225 226
273 275
122 124
106 107
6 178
166 167
214 216
226 227
47 48
179 213
318 319
199 200
439 465
351 352
399 401
383 384
232 233
151 159
81 82
292 293
324 325
173 174
384 385
416 417
233 234
114 115
417 418
276 290
449 450
457 463
358 359
29 31
239 240
299 300
331 332
391 392
423 424
184 188
91 109
364 365
181 182
424 425
273 274
95 97
338 340
155 157
36 38
214 215
247 249
457 458
306 307
99 103
188 190
21 22
161 163
62 68
146 147
405 407
43 45
286 288
103 105
195 197
179 180
28 29
76 78
68 74
279 285
109 121
180 181
228 230
29 30
9 61
61 62
327 361
272 273
169 171
2 3
213 214
172 176
383 387
62 63
472 474
94 95
224 232
305 306
154 155
183 191
305 315
3 4
413 415
35 36
445 447
254 260
416 420
95 96
127 128
338 339
36 37
430 431
68 69
279 280
128 129
371 372
268 270
69 70
371 399
61 75
161 162
372 373
10 11
182 194
404 405
452 454
261 267
423 427
293 299
194 195
405 406
43 44
302 304
286 287
378 379
17 19
438 439
76 77
300 316
201 203
448 452
142 144
412 413
83 85
261 262
75 81
293 294
13 17
24 26
445 446
294 295
208 210
9 10
57 59
127 145
2 370
327 328
437 438
42 43
268 269
50 56
134 135
20 24
12 20
393 395
370 402
452 453
75 76
411 412
94 98
411 421
145 149
367 369
65 67
459 461
109 110
201 202
50 51
281 283
330 334
82 83
178 218
142 143
39 41
433 435
234 235
83 84
131 133
115 116
374 376
24 25
56 57
307 313
208 209
57 58
167 168
467 469
337 341
300 301
348 350
0 436
27 35
329 355
11 27
63 65
200 201
90 91
381 383
341 347
182 183
441 443
307 308
5 6
70 72
459 460
377 381
278 286
281 282
222 223
255 257
433 434
292 324
374 375
122 123
233 247
45 47
125 165
5 221
336 348
444 448
407 408
78 80
277 289
458 459
348 349
440 441
63 64
399 400
111 113
328 358
381 382
203 205
4 5
52 54
263 265
295 297
355 357
236 238
373 374
388 390
70 71
118 120
130 131
210 212
11 12
180 208
362 364
372 396
321 323
243 245
232 254
255 256
152 154
181 199
155 156
114 118
137 138
247 248
185 187
428 430
335 351
188 189
280 281
199 207
218 220
129 130
262 263
221 222
111 112
299 321
203 204
81 89
295 296
254 255
165 177
103 104
376 388
236 237
195 196
438 466
128 142
228 229
118 119
439 440
458 462
210 211
169 170
151 152
472 473
110 111
321 322
243 244
10 42
361 367
413 414
51 52
235 236
28 32
250 252
306 314
191 193
328 329
272 276
213 217
404 422
361 362
32 34
154 158
334 354
35 39
14 16
302 303
106 108
17 18
335 336
47 49
309 311
69 73
280 284
7 125
8 90
342 344
324 326
194 198
223 261
316 318
449 451
250 251
408 410
257 259
301 302
191 192
239 241
150 151
393 394
331 333
242 243
412 416
91 92
334 335
110 114
224 225
183 184
32 33
364 366
165 166
51 55
294 298
367 368
65 66
276 277
235 239
308 309
6 7
249 250
309 310
21 23
341 342
39 40
150 164
90 122
172 173
131 132
342 343
223 224
146 148
222 268
467 468
138 140
316 317
408 409
257 258
42 50
82 86
441 442
56 60
403 433
86 88
430 432
448 449
437 467
301 305
12 13
1 403
242 246
234 242
271 291
13 14
45 46
455 457
4 292
396 398
78 79
378 380
138 139
308 312
436 470
249 253
20 21
52 53
422 428
263 264
355 356
93 99
344 346
145 146
373 391
388 389
407 411
86 87
329 330
3 327
178 179
27 28
126 150
440 444
330 331
362 363
422 423
134 136
470 472
454 455
271 272
454 464
152 153
221 271
1 2
455 456
93 94
336 337
185 186
396 397
428 429
277 278
126 127
337 338
159 161
130 134
218 219
278 279
100 102
370 371
403 404
115 117
344 345
137 141
226 228
436 437
318 320
167 169
377 378
0 1
92 93
262 266
351 353
184 185
470 471
125 126
173 175
384 386
225 231
166 172
7 8
417 419
