1687 1688
2518 2519
1669 1670
8 9
2248 2249
40 41
2499 2505
1119 1123
1979 1981
1130 1132
569 570
128 190
2249 2250
1174 1175
41 42
2281 2282
2152 2168
3080 3081
2540 2542
904 905
3145 3147
2012 2014
2552 2553
1163 1165
376 377
2282 2283
1207 1208
74 75
1994 1996
106 107
3113 3114
905 906
2318 2322
937 938
2585 2586
1676 1686
2876 2878
2027 2029
107 108
1026 1052
1787 1788
2839 2847
366 368
938 939
2351 2355
2618 2619
1770 1964
9 67
40 54
2348 2349
140 141
2953 2954
1532 1534
1820 1821
1211 1219
2651 2652
443 444
1550 1551
1274 1275
901 913
734 736
2381 2382
2986 2987
1853 1854
1004 1005
3245 3247
2 2278
2684 2685
2975 2977
1307 1308
1579 1587
1786 1800
1805 1813
1598 1600
1277 1285
2717 2718
509 510
789 793
3128 3192
768 770
207 208
239 240
1631 1633
498 500
1070 1071
1391 1392
1329 1331
2170 2176
1901 1902
3009 3011
240 241
833 835
3312 3314
2751 2752
1136 1138
2783 2784
2182 2186
1041 1049
866 868
1985 1986
2517 2521
2036 2068
2784 2785
2244 2246
2816 2817
3377 3379
1439 1440
306 307
3119 3120
1986 1987
2018 2019
1369 1381
2115 2217
641 642
2289 2290
1749 1751
2882 2884
113 114
339 340
3152 3153
1438 1480
944 945
1731 1733
1170 1171
1618 1676
2019 2020
2850 2851
674 675
3329 3343
1782 1784
146 147
3153 3154
84 92
103 105
3163 3167
106 110
1254 1255
3186 3187
726 727
1797 1799
2690 2691
1557 1558
136 138
2916 2917
708 709
3175 3177
2100 2102
180 181
139 143
2639 2645
1011 1012
3251 3252
2118 2119
1538 1544
2723 2724
1590 1591
169 171
2949 2950
2421 2422
724 918
2671 2713
1044 1045
2704 2710
1324 1328
1550 1554
2756 2757
1335 1337
1623 1624
3303 3304
505 507
1077 1078
844 876
2217 2219
1656 1657
235 237
1055 1059
840 842
1066 1068
1638 1639
1959 1960
3318 3319
1110 1111
1578 1594
268 270
3049 3051
3081 3083
873 875
1900 1910
918 1026
312 313
2779 2781
3351 3352
10 11
1690 1691
282 290
2521 2522
2793 2801
1453 1455
2025 2026
604 606
43 44
1435 1437
302 304
1655 1669
1154 1158
2554 2555
3107 3113
346 347
378 379
2026 2027
2058 2059
1457 1461
1468 1470
1756 1757
327 333
1228 1229
659 663
2859 2867
2878 2880
651 659
630 636
2091 2092
1482 1490
1789 1790
360 366
1261 1262
2620 2621
2124 2125
703 705
991 992
2223 2247
2383 2385
2955 2956
1534 1536
463 464
3174 3180
2714 2750
2653 2654
2988 2989
1888 1890
3247 3249
2686 2687
2719 2721
97 113
2158 2159
2417 2419
209 211
3280 3282
2493 2494
1360 1361
759 763
2951 2963
1342 1343
2450 2452
2482 2484
1393 1394
544 545
2192 2193
2224 2225
803 805
1623 1627
1696 1697
3055 3056
3303 3307
275 277
847 848
3314 3316
1106 1108
1297 1313
2225 2226
577 578
817 825
610 612
49 50
1729 1730
300 306
1988 1990
1427 1428
50 51
2290 2291
1190 1192
333 339
2021 2023
2593 2594
891 895
2291 2292
1751 1753
2323 2324
115 116
1223 1225
1795 1796
3154 3155
2054 2056
2626 2627
1493 1494
965 966
2324 2325
2356 2357
396 400
1935 1955
388 396
1828 1829
407 409
2715 2741
1227 1231
2627 2628
695 696
359 369
1256 1258
1238 1240
2079 2085
1526 1527
2659 2660
998 999
149 150
429 433
1829 1830
1788 1792
1541 1543
728 729
1260 1264
2120 2122
200 201
1559 1560
1031 1032
2390 2391
2649 2651
1574 1576
441 443
3221 3222
1862 1863
2693 2694
485 486
3272 3273
2323 2337
776 778
215 216
2744 2745
1895 1896
474 476
3254 3255
193 197
2186 2188
2726 2727
1658 1660
248 249
2736 2740
1356 1358
2489 2491
1359 1363
551 552
3039 3043
3018 3020
1130 1131
1662 1666
281 282
529 533
2068 2088
728 742
3072 3076
3051 3053
2264 2265
3043 3049
1163 1164
2770 2774
2555 2557
1994 1995
861 862
573 575
1414 1420
2253 2255
2825 2826
2297 2298
3116 3118
3128 3129
595 599
2755 2767
587 595
2027 2028
2286 2288
1499 1500
78 80
366 367
1758 1760
930 934
2330 2331
1197 1198
909 911
2319 2321
1532 1533
2891 2892
381 382
2622 2624
702 703
2061 2062
414 416
1245 1247
2352 2354
447 449
2094 2095
1566 1567
2925 2926
177 179
2397 2398
716 722
695 699
768 769
480 482
1727 1749
2958 2959
750 751
498 499
1858 1860
1030 1034
2430 2431
1890 1892
1329 1330
1569 1577
3009 3010
1588 1590
801 802
2160 2161
200 204
2481 2482
192 200
2991 2992
783 784
243 245
3024 3026
3312 3313
2463 2464
790 792
1395 1397
3294 3295
1085 1091
2404 2414
3345 3346
1924 1926
1363 1364
568 572
2259 2261
1666 1667
1957 1959
5 723
2529 2530
2788 2790
3360 3361
2227 2228
580 582
2832 2833
1699 1700
3359 3365
1731 1732
3290 3302
2130 2152
1203 1204
1429 1430
901 902
2813 2819
2293 2295
2325 2327
1192 1194
3371 3375
3124 3126
103 104
934 935
85 86
3345 3359
1797 1798
2037 2045
1196 1200
1269 1270
136 137
2628 2629
2048 2054
1528 1530
3175 3176
2100 2101
1499 1503
118 119
586 602
2359 2361
1830 1831
2070 2078
1270 1271
2629 2630
169 170
3208 3209
2133 2134
2680 2681
184 186
1831 1832
472 473
1243 1253
3223 3225
1303 1304
2134 2135
2713 2714
1292 1294
505 506
2088 2104
235 236
487 488
1595 1597
1587 1593
1066 1067
1325 1327
2985 3029
538 539
797 799
1369 1370
3049 3050
3008 3012
2200 2201
2459 2461
3031 3032
471 485
2779 2780
1930 1931
1370 1371
830 832
3322 3324
3020 3022
1693 1695
284 286
2524 2526
2870 2934
604 605
572 573
2211 2215
3064 3065
1996 1998
863 865
2203 2211
1435 1436
14 16
302 303
2827 2829
1133 1134
3097 3098
1964 1965
2029 2031
1468 1469
3148 3149
1687 1693
1166 1167
878 880
1771 1772
2602 2603
2062 2064
3108 3112
3149 3150
3181 3182
973 974
1804 1805
671 672
1203 1207
962 964
1534 1535
3182 3183
1761 1763
2096 2098
176 177
995 997
2927 2929
1007 1008
1985 2001
2638 2646
1838 1839
2657 2659
737 738
1269 1273
2417 2418
168 172
209 210
988 994
160 168
191 192
1871 1872
2450 2451
1601 1602
1841 1849
1881 1885
2993 2995
2432 2433
2680 2684
224 225
1332 1334
1904 1905
771 772
803 804
2163 2165
2195 2197
275 276
534 536
1893 1895
3026 3028
3314 3315
2465 2466
1106 1107
2786 2787
1937 1938
836 837
2516 2517
308 309
3347 3348
3199 3221
1139 1140
6 7
2498 2499
1970 1971
837 838
42 46
21 23
2261 2263
309 310
3348 3349
1140 1141
1431 1433
603 607
2003 2004
870 871
1150 1154
3310 3322
342 343
1701 1702
1173 1174
1944 1954
2511 2559
677 678
2036 2037
615 617
2295 2297
375 376
1734 1735
666 668
1238 1239
2886 2887
710 711
3177 3179
969 971
1541 1542
3148 3152
1800 1802
2018 2024
1519 1523
2919 2920
670 674
2070 2071
743 744
3210 3212
1829 1865
2649 2650
1574 1575
441 442
153 155
2664 2666
2952 2953
1563 1565
3243 3245
374 388
6 370
474 475
1866 1868
2154 2155
2718 2722
2985 2986
2405 2411
677 691
1003 1004
2416 2420
1036 1038
208 212
1608 1609
766 768
1338 1339
3018 3019
729 737
810 811
508 509
247 325
2472 2473
2220 2221
1892 1898
12 13
1371 1372
1932 1934
271 273
2903 2925
843 844
3051 3052
1622 1628
274 278
2434 2446
3262 3272
1134 1136
541 542
573 574
13 14
1404 1405
844 845
3084 3085
1663 1665
876 877
2756 2762
1987 1991
846 854
46 47
1998 2000
78 79
3085 3086
877 878
836 840
828 836
909 910
308 312
2589 2590
1740 1741
1160 1166
27 33
607 608
2848 2850
319 321
1438 1439
2578 2580
1503 1505
1388 1438
2622 2623
414 415
513 537
640 641
1773 1774
2032 2034
1245 1246
1471 1472
2863 2865
975 976
2667 3039
447 448
385 387
953 957
1278 1279
876 890
3184 3185
976 977
2389 2393
2656 2657
1235 1237
1807 1808
1267 1269
480 481
786 816
2907 2913
2918 2922
710 714
1858 1859
3217 3218
2597 2607
437 439
2401 2403
1300 1302
919 973
1771 1827
743 747
451 459
3024 3025
3250 3251
1042 1043
2722 2723
473 477
514 515
1274 1286
773 775
1345 1346
212 213
1604 1606
1924 1925
1355 1359
2755 2756
2154 2158
1906 1907
806 808
1378 1379
3056 3278
809 813
3284 3285
1629 1635
1957 1958
528 534
2788 2789
580 581
1939 1940
1411 1412
278 279
3317 3318
569 571
1174 1176
2821 2822
613 614
1392 1398
2252 2256
2293 2294
2552 2554
3124 3125
1422 1426
514 528
2822 2823
614 615
74 76
2854 2855
1207 1209
2433 2453
1772 1804
3113 3115
1477 1478
56 58
344 345
2585 2587
624 628
2803 2809
2855 2856
727 757
107 109
2887 2888
679 680
2359 2360
938 940
89 91
2057 2058
636 638
2589 2593
2621 2625
2888 2889
2348 2350
680 681
140 142
1159 1173
184 185
410 411
2651 2653
3223 3224
2090 2091
1241 1242
2105 2107
2393 2394
1544 1545
1004 1006
3256 3257
1595 1596
1307 1309
2986 3024
3213 3215
2138 2140
444 445
1857 1861
3257 3258
3289 3290
509 511
3067 3097
2987 2988
779 780
2459 2460
251 252
477 478
3290 3291
3322 3323
240 242
3020 3021
2492 2493
1071 1073
284 285
1923 1927
14 15
1946 1947
2226 2230
845 846
1093 1097
3293 3301
1104 1106
1676 1677
2783 2821
2784 2786
3356 3357
2787 2791
3054 3055
846 847
1126 1130
2526 2527
878 879
318 319
1118 1126
3090 3094
1709 1710
3289 3303
2256 2257
1181 1182
1647 1655
3087 3088
1620 1638
3120 3122
339 341
2559 2560
2019 2021
1830 1856
351 352
1170 1172
631 635
2850 2852
129 159
2802 2812
81 82
2821 2825
1761 1762
3192 3226
2875 2881
114 115
2854 2858
2927 2928
945 946
3186 3188
417 418
2536 2548
2657 2658
2916 2918
2887 2891
147 148
679 683
180 182
1827 1828
1539 1541
1299 1300
1011 1013
450 451
730 734
2130 2131
249 281
2427 2497
701 707
2421 2423
2993 2994
1332 1333
2163 2164
2934 2944
1594 1598
3026 3027
1893 1894
1785 1803
2104 2114
516 517
2303 2323
796 800
2455 2457
819 820
1078 1080
3318 3320
1650 1651
2757 2758
549 550
3016 3018
2968 2978
21 22
3060 3061
312 314
3311 3317
2758 2759
1103 1109
1683 1684
1690 1692
54 55
2794 2798
2521 2523
3352 3354
2791 2792
1343 1355
583 584
43 45
615 616
2295 2296
918 919
2598 2599
1465 1466
648 649
896 900
1756 1758
1368 1384
1195 1196
1800 1801
1498 1499
649 650
2041 2043
1789 1791
121 122
921 929
2361 2362
153 154
2329 2330
3160 3161
3192 3193
700 701
2664 2665
110 112
2362 2363
3193 3194
2653 2655
2697 2698
2324 2336
143 145
1036 1037
2395 2396
187 188
1965 2025
3226 3227
1316 1616
2698 2699
2158 2160
1069 1070
2428 2429
2687 2689
1900 1901
3259 3260
1299 1303
2731 2732
1630 1631
1102 1103
2069 2087
501 505
253 254
1084 1085
2192 2194
231 235
2764 2765
3044 3048
223 231
1663 1664
1062 1066
2462 2463
1054 1062
3233 3243
2753 2755
1966 1967
3325 3326
545 547
577 579
2904 2924
17 19
589 590
869 873
848 850
287 288
319 320
1967 1968
1427 1429
1430 1434
50 52
352 353
2032 2033
2291 2293
2863 2864
1730 1731
3122 3124
914 916
3154 3156
2561 2562
353 354
614 624
385 386
1464 1468
1456 1464
3144 3148
1475 1477
1763 1764
947 949
2594 2595
1235 1236
3199 3200
2786 2802
629 639
2897 2898
149 151
437 438
2401 2402
980 982
419 420
3232 3233
2099 2100
2930 2931
2350 2356
2390 2392
2361 2365
1862 1864
3221 3223
2434 2435
1833 1837
452 453
2693 2695
773 774
2132 2133
711 713
1604 1605
2963 2964
1035 1039
2435 2436
1895 1897
3254 3256
2726 2728
806 807
2165 2166
744 746
2697 2701
2424 2426
1349 1351
216 218
2996 2997
788 789
2468 2469
1367 1368
758 766
551 553
2457 2459
1670 1671
1400 1401
2231 2232
1630 1634
1671 1672
2264 2266
1703 1704
3062 3063
854 855
1401 1402
326 327
1113 1115
3365 3366
2232 2233
24 25
56 57
1704 1705
3055 3289
2297 2299
2567 2568
359 360
906 907
618 620
89 90
1737 1738
1197 1199
2330 2332
1769 1770
636 637
2568 2569
1179 1181
11 27
2903 2904
1770 1771
1500 1501
2105 2106
1910 1930
403 407
2590 2592
1703 1717
3216 3220
2582 2588
1234 1238
2634 2635
2094 2096
1226 1234
426 427
1566 1568
3213 3214
2138 2139
156 157
436 440
428 436
3228 3230
2667 2668
459 460
2958 2960
2171 2172
1570 1574
1289 1295
2969 2975
2160 2162
772 776
2172 2173
3279 3280
1071 1072
783 785
222 223
3003 3004
2463 2465
1902 1903
3002 3008
1374 1375
2733 2734
525 526
1104 1105
3036 3037
1344 1352
1363 1365
1935 1936
1407 1408
558 559
1666 1668
3069 3070
1936 1937
1968 1969
2227 2229
1440 1441
2179 2189
726 786
3120 3121
63 64
2530 2532
322 324
1969 1970
2001 2002
1421 1427
3361 3363
1441 1442
1400 1404
3060 3106
3080 3084
3091 3093
2304 2305
3135 3136
2002 2003
2282 2286
934 936
1506 1507
373 374
905 909
2305 2306
937 941
2337 2338
1204 1205
1507 1508
1539 1540
118 120
2338 2339
130 131
2370 2371
1270 1272
2629 2631
1968 1982
709 710
2068 2069
2289 2303
1842 1843
3168 3174
2673 2674
2327 2329
1820 1824
2371 2372
443 447
1303 1305
2950 2951
2001 2015
742 743
1481 1491
613 629
724 725
2404 2405
1856 1862
487 489
2455 2456
247 248
1606 1607
2713 2751
757 758
2998 3000
1078 1079
2437 2438
3016 3017
2168 2170
239 243
1639 1640
2171 2175
3031 3033
1111 1112
2470 2471
1070 1074
1930 1932
1337 1338
2729 2731
2201 2203
1640 1641
1092 1098
3064 3066
3352 3353
1144 1145
295 296
2762 2764
3334 3335
1602 1614
554 556
1705 1706
2536 2537
1956 1962
2795 2797
2008 2009
2267 2269
1399 1407
59 61
266 274
2839 2840
347 348
1706 1707
3098 3100
250 266
1210 1211
77 78
2569 2570
2602 2604
2009 2010
2041 2042
3328 3382
3149 3151
2300 2302
2872 2873
1211 1212
671 673
1243 1244
110 111
1342 1366
653 655
2853 2859
941 942
3182 3184
2333 2335
125 127
1772 1773
2672 2704
3153 3157
3164 3166
1244 1245
843 901
664 670
143 144
2075 2076
2107 2108
974 975
1506 1510
1007 1009
1579 1580
1805 1806
1185 1195
1838 1840
2064 2066
1277 1278
989 991
2564 2618
2957 2958
2108 2109
2380 2388
1899 1935
2687 2688
2078 2086
1310 1311
1842 1846
2141 2142
401 417
1044 1048
1904 1906
1343 1344
1041 1042
2465 2467
2753 2754
545 546
1077 1081
2477 2478
1344 1345
1937 1939
17 18
3056 3057
1635 1637
974 988
848 849
1074 1075
1970 1972
837 839
309 311
2240 2241
3348 3350
1140 1142
1712 1713
579 580
2679 2697
3351 3355
2543 2544
2003 2005
870 872
1442 1443
3122 3123
1701 1703
342 344
973 1001
2273 2274
914 915
2871 2903
84 85
1443 1444
1475 1476
1242 1274
1734 1736
947 948
2554 2558
1686 1696
346 350
1746 1747
645 646
2716 2736
660 662
980 981
1779 1780
678 679
390 392
2919 2921
77 81
69 77
3189 3190
1760 1766
711 712
423 425
1316 1317
183 184
165 166
744 745
2424 2425
1349 1350
216 217
1608 1610
1834 1836
2686 2690
2619 2637
1338 1340
1497 1513
810 812
2457 2458
249 250
2472 2474
1911 1912
1371 1373
2742 2743
1029 1035
282 283
1081 1082
541 543
2741 2747
1113 1114
2793 2794
1984 2018
1944 1945
544 548
1404 1406
283 284
2775 2776
3015 3023
847 851
1146 1147
46 48
2826 2827
618 619
1977 1978
564 648
3085 3087
49 53
1449 1450
28 30
316 317
3069 3079
2280 2281
1740 1742
607 609
1147 1148
1179 1180
2859 2860
651 652
1482 1483
281 295
3309 3325
2593 2597
1212 1213
2860 2861
2752 2770
652 653
2892 2893
2991 3015
684 685
2251 2259
2572 2574
1483 1484
2590 2591
1515 1516
382 383
3133 3135
1213 1214
2893 2894
1472 1474
685 686
397 399
717 718
3184 3186
1516 1517
1494 1578
3228 3229
1807 1809
2926 2927
718 719
430 432
977 979
3217 3219
2128 2129
1053 1054
1279 1280
725 843
1559 1563
1699 1723
751 752
2110 2111
2431 2432
1582 1583
1042 1044
3262 3263
2220 2248
2685 2693
2992 2993
1571 1573
3231 3275
212 214
183 187
215 219
175 183
1241 1289
482 483
3295 3296
1874 1876
2446 2447
2194 2195
1906 1908
1378 1380
2737 2739
817 818
3284 3286
2497 2498
1917 1923
1648 1649
515 516
3328 3329
67 97
1939 1941
818 819
3058 3059
278 280
1411 1413
2530 2531
322 323
1681 1682
3361 3362
2512 2513
20 21
3059 3060
1984 1985
851 852
3091 3092
883 884
1714 1715
2822 2824
1186 1187
1477 1479
344 346
884 885
2564 2565
388 389
3308 3328
1955 1963
2855 2857
307 315
2374 2404
1219 1220
639 645
86 87
2497 2511
2597 2598
389 390
2888 2890
1220 1221
680 682
2327 2328
3158 3159
950 951
381 385
702 706
1253 1254
1212 1216
152 153
2393 2395
1052 1084
684 688
1832 1833
2892 2896
411 413
983 984
1814 1815
1286 1287
2906 2916
1558 1566
2998 2999
1865 1866
444 446
2397 2401
1016 1017
3257 3259
1101 1241
717 721
1275 1277
3054 3308
2168 2169
747 749
1319 1320
750 754
477 479
2637 2647
1049 1050
2129 2177
2729 2730
521 522
2280 2346
2201 2202
780 782
1352 1353
219 220
1611 1613
2183 2184
3291 3293
522 523
2762 2763
554 555
1946 1948
813 815
1385 1386
252 253
1644 1646
3356 3358
2795 2796
587 588
2194 2198
2267 2268
59 60
2178 2190
2526 2528
3098 3099
890 891
1709 1711
1669 1675
2529 2533
2256 2258
588 589
1181 1183
3360 3364
3087 3089
2300 2301
92 93
2832 2836
30 32
2559 2561
2829 2830
621 622
81 83
653 654
2333 2334
125 126
1484 1485
3132 3133
3164 3165
1743 1745
2862 2863
2046 2048
85 89
1317 1493
2064 2065
989 990
2669 2670
2628 2632
2607 2609
147 149
2367 2368
159 160
1569 1570
2640 2642
1440 1456
1480 1492
960 968
192 193
1551 1552
944 960
3231 3232
1023 1024
3263 3264
1602 1603
2134 2138
2433 2434
2145 2147
225 226
1584 1585
3264 3265
1056 1057
1514 1526
1635 1636
786 787
819 821
2565 2589
1045 1047
1617 1618
1865 1869
2905 2923
517 519
3297 3298
1920 1921
259 260
2499 2500
2758 2760
1683 1685
3330 3331
1370 1374
2802 2803
1381 1383
1601 1615
2500 2501
292 293
572 576
2791 2793
583 585
1155 1156
1621 1629
3094 3096
1458 1459
325 326
2565 2566
1717 1719
1465 1467
2005 2006
2037 2038
55 56
2868 2869
660 661
1166 1170
2566 2567
390 391
2038 2039
816 828
2869 2870
92 96
3160 3162
2311 2313
2599 2600
3152 3158
423 424
2071 2072
190 222
2362 2364
2934 2935
146 152
2406 2407
1769 2115
2104 2105
1255 1256
176 180
2935 2936
2395 2397
727 728
187 189
1834 1835
3194 3196
1254 1260
2514 2534
3226 3228
1306 1307
2377 2379
2886 2900
2698 2700
737 741
2968 2969
2428 2430
760 761
3259 3261
1210 1226
2731 2733
490 491
2170 2171
1882 1884
1321 1322
793 794
253 255
224 228
1624 1625
3263 3267
2764 2766
2203 2204
3034 3035
2414 2424
2506 2507
3325 3327
1657 1658
3337 3338
2204 2205
589 591
2236 2237
1656 1662
28 29
3067 3068
287 289
3347 3351
1638 1644
1139 1143
2539 2540
3278 3288
557 558
2798 2800
2237 2238
3100 3101
892 893
2572 2573
1151 1153
2270 2271
62 63
1742 1743
2561 2563
1774 1775
353 355
3133 3134
1472 1473
397 398
656 658
2303 2304
2015 2017
1763 1765
1487 1489
1775 1776
2594 2596
2026 2032
2638 2639
430 431
2897 2899
977 978
128 129
160 161
1520 1522
3167 3168
419 421
2639 2640
2671 2672
98 106
1250 1252
1538 1539
2930 2932
1616 1724
2081 2083
1109 1133
161 162
929 937
1010 1011
2609 2617
1841 1842
3200 3201
2620 2626
2672 2673
2704 2705
131 139
1571 1572
194 195
2661 2663
1874 1875
453 455
3233 3234
2406 2410
2705 2706
2165 2167
2737 2738
2117 2127
1496 1514
2964 2966
1003 1007
3343 3371
1815 1825
2468 2470
1306 1310
1298 1306
530 531
2436 2437
1109 1110
260 261
508 512
500 508
2771 2772
1323 1335
1671 1673
822 824
3062 3064
2502 2504
1941 1942
1401 1403
1973 1974
13 17
3365 3367
2232 2234
24 26
2804 2805
596 597
855 857
3107 3108
1974 1975
906 908
2225 2231
629 630
2236 2240
1737 1739
1176 1177
327 328
3140 3141
2838 2839
2870 2871
2618 2656
2310 2311
360 361
640 644
2040 2041
393 395
1500 1502
1471 1475
2871 2872
411 412
470 498
2343 2344
2375 2376
1242 1243
954 956
1774 1778
2634 2636
2073 2074
1278 1282
1545 1546
2904 2905
696 697
156 158
976 980
2376 2377
1275 1276
2874 2882
2627 2633
747 748
1526 1532
2365 2367
1578 1579
1290 1292
2937 2938
729 730
1828 1870
201 202
3240 3241
2278 2564
780 781
2172 2174
2398 2400
1611 1612
2970 2971
1010 1014
3250 3254
3291 3292
1002 1010
1902 1904
2722 2726
2701 2703
493 495
2733 2735
371 469
813 814
1345 1349
525 527
1644 1645
3036 3038
2375 2389
267 268
1098 1099
558 560
1677 1678
256 258
828 829
2508 2509
1375 1376
300 301
2767 2769
2206 2207
1964 2036
30 31
238 246
1678 1679
63 65
3070 3072
3317 3321
1408 1409
1053 1069
333 334
1120 1122
880 881
592 594
2131 2149
3372 3373
2844 2845
1743 1744
3103 3105
3135 3137
1973 1977
2833 2835
2046 2047
913 914
625 627
2305 2307
1204 1206
2575 2576
2607 2608
3346 3356
1507 1509
2079 2080
946 947
97 98
2338 2340
418 419
2910 2911
2057 2061
3169 3171
1367 1385
2640 2641
2080 2081
2891 2897
2371 2373
451 452
1810 1811
410 414
402 410
2090 2094
1282 1283
2249 2267
2061 2067
433 434
2873 2885
3057 3231
2145 2146
2944 2945
2751 2779
1843 1844
2674 2675
466 467
1606 1608
2178 2179
1045 1046
2437 2439
517 518
3268 3270
2135 2137
2707 2708
2987 2991
779 783
2179 2180
1877 1878
802 803
550 551
1381 1382
3061 3062
1640 1642
2212 2213
4 5
2492 2496
1603 1611
3043 3044
1910 1911
263 265
3294 3300
1414 1415
2153 2163
565 566
3094 3095
1112 1113
37 38
1717 1718
3076 3077
296 298
2548 2549
1415 1416
373 401
3379 3380
347 349
1706 1708
919 920
2278 2279
1145 1146
70 71
1677 1681
318 322
2537 2539
617 618
2569 2571
3109 3110
2009 2011
3368 3370
1480 1481
2840 2842
2200 2216
2279 2280
2311 2312
650 651
1429 1435
41 49
1481 1482
2281 2289
941 943
2614 2615
904 912
1816 1817
2075 2077
114 118
1514 1515
2647 2648
3194 3195
2377 2378
1817 1818
1849 1850
716 717
2108 2110
1547 1548
1787 1795
2939 2941
731 733
418 422
1850 1851
1310 1312
1882 1883
2681 2682
1580 1581
2972 2974
1052 1053
2411 2412
650 664
2142 2144
2714 2715
3293 3294
1872 1874
1085 1086
2477 2479
516 520
3275 3276
2747 2748
1074 1076
1726 1756
539 540
1086 1087
1118 1119
538 544
1650 1654
2757 2761
2798 2799
1949 1950
816 817
2208 2210
207 215
1647 1648
191 207
1119 1120
3359 3360
1712 1714
1151 1152
1391 1399
550 554
1901 1909
561 563
2241 2243
2813 2814
1184 1185
2950 2968
1443 1445
656 657
2015 2016
2274 2276
1487 1488
1133 1139
1746 1748
2318 2319
1185 1186
3097 3103
2598 2602
645 647
7 247
2048 2049
2307 2309
1520 1521
3119 3127
1986 1994
3138 3140
2351 2352
370 564
2838 2848
1250 1251
2177 2199
2610 2612
2049 2050
2081 2082
2329 2333
121 125
3189 3191
113 121
3171 3173
1510 1512
723 724
1554 1555
2661 2662
2513 2535
453 454
165 167
1816 1820
2676 2678
2964 2965
2115 2116
2347 2359
1587 1588
1619 1620
486 487
1846 1848
2045 2057
1317 1318
1849 1853
2997 2998
789 790
708 716
2407 2409
1620 1621
2979 2980
1879 1881
1318 1319
1871 1877
2089 2099
2742 2744
3030 3031
822 823
2502 2503
1081 1083
2440 2442
3012 3013
232 234
1912 1914
2484 2485
2775 2777
855 856
426 450
1686 1687
3045 3046
2517 2518
1977 1979
316 318
1147 1149
586 587
1110 1118
2550 2551
1417 1418
2809 2811
3129 3130
921 922
1720 1721
1320 1342
393 394
352 356
2860 2862
2583 2584
1450 1451
1730 1734
2842 2844
3130 3131
922 923
382 384
954 955
2314 2316
1753 1754
1173 1179
1213 1215
1785 1786
2893 2895
685 687
1516 1518
3163 3164
2088 2089
375 381
1786 1787
566 586
718 720
2365 2366
1290 1291
2908 2910
3196 3197
988 989
139 140
2668 2669
1700 1720
460 461
1247 1249
1279 1281
2099 2103
1390 1414
751 753
1323 1324
190 191
2398 2399
2110 2112
3129 3143
1870 1871
1582 1584
2122 2123
1021 1022
2941 2943
172 173
2701 2702
452 456
493 494
1324 1325
223 224
3143 3163
2963 2967
2155 2156
482 484
1054 1055
3295 3297
1814 1826
2446 2448
1313 1315
1885 1886
2716 2717
256 257
1055 1056
1648 1650
486 490
2767 2768
1346 1348
1918 1919
1390 1391
2997 3001
1670 1674
3070 3071
2221 2222
1681 1683
1088 1089
1120 1121
1319 1367
592 593
1951 1952
2231 2235
851 853
1423 1424
2782 2783
3030 3034
290 291
3103 3104
3329 3330
854 858
1714 1716
2833 2834
625 626
884 886
3084 3090
1456 1457
1154 1155
0 3054
86 88
537 549
1725 1767
1457 1458
877 883
356 357
1729 1737
3169 3170
961 962
2568 2572
1187 1188
567 577
1220 1222
1446 1448
659 660
1792 1793
691 692
2051 2053
3158 3160
950 952
2069 2070
994 995
1773 1779
1827 1899
2612 2614
2900 2901
404 406
692 693
1523 1524
1027 1028
2626 2634
1286 1288
725 726
2405 2406
984 986
3236 3237
3268 3269
2135 2136
459 463
758 759
1017 1019
1049 1051
456 457
2981 2983
4 1316
1892 1893
1352 1354
219 221
759 760
2471 2472
2183 2185
263 264
1622 1623
3003 3007
1389 1421
522 524
1094 1095
2453 2454
1374 1378
485 493
1385 1387
296 297
1655 1656
1027 1041
3335 3336
1127 1128
1914 1916
2486 2487
1407 1411
825 826
757 771
1537 1557
2537 2538
1688 1689
3368 3369
1160 1161
27 28
2840 2841
1991 1992
858 859
330 331
1969 1973
602 610
1161 1162
621 623
2829 2831
2873 2874
1484 1486
891 892
2283 2285
363 364
861 869
1226 1227
93 94
845 861
2906 2907
924 925
2337 2341
2316 2318
2604 2605
396 397
428 429
1495 1537
1227 1228
2907 2908
2367 2369
2939 2940
1806 1807
731 732
957 958
2370 2374
2637 2638
1216 1218
429 430
1788 1789
961 965
1821 1823
688 690
1260 1261
2872 2886
691 695
2972 2973
1551 1553
1023 1025
2670 2671
994 998
2142 2143
372 426
225 227
1544 1550
1584 1586
1872 1873
3264 3266
1056 1058
3256 3262
495 496
3308 3309
754 756
193 194
2925 2933
3297 3299
1629 1630
2736 2737
2448 2450
528 529
2668 2868
1920 1922
2208 2209
0 1
1359 1360
1639 1643
3039 3040
2190 2191
450 466
1337 1341
1662 1663
529 530
561 562
801 809
2241 2242
33 34
1392 1393
3040 3041
2500 2502
2481 2489
3072 3073
292 294
1651 1653
2223 2224
2471 2475
3331 3333
1123 1125
295 299
2770 2771
1155 1157
34 35
2274 2275
3073 3074
1705 1709
1458 1460
1144 1184
897 898
2005 2007
2577 2578
2803 2804
1728 1729
595 596
2008 2012
67 68
2307 2308
99 100
3106 3107
3138 3139
930 931
2038 2040
2610 2611
3068 3080
887 889
100 101
132 133
2599 2601
931 932
3171 3172
2071 2073
1510 1511
2949 2979
2341 2342
133 134
3204 3205
2782 2838
2676 2677
122 124
2935 2937
1015 1016
2374 2375
1846 1847
3205 3206
417 423
2670 2782
2957 2961
760 762
2407 2408
1806 1810
1879 1880
3238 3239
1030 1031
490 492
648 700
2710 2711
1321 1323
2141 2145
3208 3216
2133 2141
793 795
2440 2441
232 233
472 480
3058 3128
1912 1913
1624 1626
10 40
1063 1064
3034 3036
2506 2508
1184 1210
1945 1946
3304 3305
3337 3339
2204 2206
568 569
1927 1928
1399 1400
266 267
2237 2239
2809 2810
2240 2244
3100 3102
892 894
579 583
1979 1980
2543 2547
2270 2272
602 603
1442 1446
2842 2843
3061 3067
33 37
2273 2277
2314 2315
2540 2541
3145 3146
2812 2820
3371 3372
2012 2013
2875 2876
1775 1777
2347 2348
926 928
2045 2046
2577 2581
1196 1197
2876 2877
2908 2909
99 103
306 316
1967 1983
2380 2381
1247 1248
2078 2079
701 702
2941 2942
3181 3189
132 136
2512 2536
1295 1297
162 164
734 735
194 196
3201 3203
2414 2415
3193 3199
1313 1314
3059 3119
3204 3208
3245 3246
2705 2707
3344 3368
1616 1617
2975 2976
3234 3236
1598 1599
1346 1347
3278 3279
530 532
2177 2178
228 230
3008 3009
260 262
1059 1061
1631 1632
3311 3312
2771 2773
1103 1104
2 3
833 834
1941 1943
2513 2514
2132 2148
1 2667
3344 3345
771 779
2431 2481
3 4
596 598
2211 2212
283 287
1102 1144
1136 1137
2462 2468
866 867
2514 2515
1974 1976
1146 1150
1945 1949
2805 2807
3377 3378
2244 2245
1449 1453
68 69
2516 2524
1176 1178
3140 3142
2498 2506
1446 1447
371 372
2051 2052
69 70
2882 2883
1461 1463
328 330
3108 3109
1749 1750
2219 2273
372 373
2612 2613
652 656
404 405
1483 1487
2868 2984
1515 1519
2869 2949
2343 2345
361 363
1782 1783
326 342
2073 2075
2025 2035
1545 1547
2117 2118
984 985
696 698
1815 1816
2926 2930
2937 2939
1017 1018
168 169
201 203
1560 1562
2981 2982
3240 3242
1320 1321
2679 2680
471 472
2970 2972
1881 1882
1253 1267
2992 2996
763 765
1335 1336
2443 2445
3015 3016
1914 1915
1098 1100
537 538
3004 3006
2217 2218
9 10
1368 1369
2996 3002
2508 2510
1375 1377
840 841
2206 2208
818 822
1678 1680
2250 2251
42 43
1028 1040
268 269
3081 3082
873 874
1408 1410
3340 3342
20 24
880 882
12 20
3372 3374
603 604
2251 2252
2844 2846
883 887
222 238
2283 2284
1150 1151
334 336
1186 1190
1453 1454
2812 2813
1724 1768
2316 2317
2575 2577
565 613
1219 1223
2619 2620
3106 3116
2910 2912
1216 1217
389 393
1821 1822
688 689
1519 1520
2878 2879
1231 1233
670 671
2250 2264
2290 2300
2350 2351
1810 1812
1282 1284
433 435
152 156
2685 2686
1264 1266
703 704
2944 2946
983 987
2383 2384
1843 1845
175 176
975 983
2415 2416
2642 2644
2674 2676
754 755
466 468
2718 2719
1016 1020
2416 2417
208 209
2656 2664
2448 2449
1888 1889
3247 3248
2707 2709
787 788
2719 2720
1618 1619
197 199
130 146
1877 1879
521 525
3280 3281
2180 2182
2752 2753
2212 2214
1651 1652
3331 3332
1123 1124
2482 2483
274 275
920 944
252 256
37 39
3076 3078
2515 2516
307 308
2548 2550
1415 1417
1955 1956
1987 1988
3346 3347
5 6
3379 3381
610 611
3109 3111
588 592
1988 1989
787 801
1493 1601
599 601
887 888
71 73
902 904
1190 1191
2614 2616
2021 2022
920 921
632 634
2304 2310
1751 1752
1223 1224
2582 2583
2002 2008
374 375
122 123
2862 2866
2054 2055
2647 2649
953 954
1558 1559
2669 2853
1817 1819
2389 2390
1256 1257
2515 2529
407 408
1547 1549
2918 2919
1850 1852
1289 1290
709 715
2248 2270
2969 2970
2681 2683
2673 2679
2120 2121
1580 1582
2152 2153
2951 2952
2411 2413
473 474
3002 3003
2153 2154
2984 2985
204 206
776 777
3275 3277
1355 1356
2747 2749
539 541
2186 2187
1086 1088
1658 1659
809 810
2489 2490
2116 2128
1949 1951
1356 1357
1388 1389
3068 3069
1439 1471
2219 2220
11 12
259 263
251 259
1111 1117
2470 2476
3330 3334
649 677
1389 1390
1421 1422
2252 2253
1724 1725
2555 2556
8 128
1422 1423
3334 3340
2814 2816
2253 2254
926 927
1725 1726
2544 2546
336 338
3116 3117
624 625
3375 3377
55 59
1167 1169
2286 2287
1758 1759
2049 2051
129 130
1200 1202
2621 2622
3168 3169
960 961
2319 2320
351 359
1295 1296
162 163
2128 2200
1554 1556
3201 3202
2913 2915
2432 2462
2352 2353
1780 1782
2385 2387
1244 1250
1856 1857
1255 1259
1328 1329
2107 2113
3234 3235
2946 2948
945 953
738 740
1026 1027
177 178
1857 1858
228 229
3167 3181
3267 3268
2979 2981
1059 1060
1890 1891
3282 3284
2149 2151
1588 1589
513 514
3012 3014
1092 1093
1831 1841
243 244
2484 2486
564 565
1923 1924
502 504
790 791
1395 1396
1621 1622
2226 2227
1093 1094
3045 3047
1657 1661
3057 3058
2805 2806
2684 2696
1956 1957
2787 2788
2259 2260
1126 1127
2539 2543
2518 2520
557 561
2717 2729
2550 2552
630 631
549 557
3090 3091
248 300
1417 1419
1461 1462
328 329
1720 1722
1159 1160
631 632
2583 2585
2430 2492
1450 1452
3130 3132
62 66
922 924
54 62
1494 1495
1742 1746
2853 2854
361 362
3174 3175
1753 1755
2325 2326
1192 1193
376 378
664 665
1495 1496
1527 1528
1966 1984
2905 2906
3196 3198
1528 1529
1195 1203
1560 1561
1619 1647
427 428
460 462
1779 1785
723 1101
678 684
1498 1506
730 731
2089 2090
2122 2124
161 165
1021 1023
3200 3204
172 174
2953 2955
700 708
1804 1814
763 764
2155 2157
2443 2444
2381 2383
1594 1595
1853 1855
1885 1887
1292 1293
3004 3005
796 797
1328 1332
2476 2477
1015 1021
1918 1920
250 251
1325 1326
1557 1569
797 798
829 830
2436 2440
1069 1077
2221 2223
1088 1090
427 441
301 302
3267 3271
3340 3341
3232 3250
1617 1699
1911 1917
1951 1953
830 831
290 292
1423 1425
862 863
2794 2795
334 335
1693 1694
1084 1092
2524 2525
2804 2808
1996 1997
863 864
2827 2828
1726 1727
2826 2832
2816 2818
2029 2030
896 897
356 358
1727 1728
1187 1189
1792 1794
1231 1232
98 99
2310 2314
929 930
641 643
2062 2063
2609 2610
401 402
1760 1761
2040 2044
2900 2902
692 694
1264 1265
131 132
1523 1525
674 676
962 963
2642 2643
1297 1298
2096 2097
2376 2380
995 996
3236 3238
1527 1531
1298 1299
197 198
2690 2692
2129 2130
68 84
456 458
1028 1029
500 501
2180 2181
3251 3253
2118 2120
2723 2725
1590 1592
469 513
1029 1030
501 502
2453 2455
2741 2742
1094 1096
2952 2962
231 232
3044 3045
2195 2196
1062 1063
2435 2443
267 271
3335 3337
1127 1129
2774 2775
2486 2488
566 567
534 535
2984 3030
825 827
869 870
788 796
1688 1690
2476 2480
515 521
1700 1701
567 568
599 600
1959 1961
2346 2370
1991 1993
858 860
71 72
1430 1431
829 833
330 332
902 903
2261 2262
301 305
1161 1163
632 633
1431 1432
1870 1888
3143 3144
862 866
363 365
93 95
913 917
665 666
2224 2236
1464 1465
924 926
1496 1497
3144 3145
1704 1712
2604 2606
1728 1740
968 969
2567 2575
2874 2875
666 667
378 380
946 950
2346 2347
2058 2060
1145 1159
1497 1498
957 959
3177 3178
969 970
3209 3210
1001 1002
1228 1230
2080 2084
2091 2093
3210 3211
1002 1003
1261 1263
1833 1834
1318 1388
2124 2126
1832 1838
204 205
1563 1564
991 993
2955 2957
3243 3244
1035 1036
495 497
463 465
2715 2716
1866 1867
325 351
1917 1918
2988 2990
2427 2428
1899 1900
766 767
159 175
238 239
2190 2192
802 806
3309 3310
1001 1015
1101 1102
2493 2495
1360 1362
1932 1933
3040 3042
3279 3287
271 272
2511 2512
3310 3311
1134 1135
1 2
3 1769
34 36
1393 1395
2814 2815
1965 1966
3073 3075
1112 1116
897 899
2544 2545
336 337
1696 1698
3343 3344
3375 3376
1167 1168
2774 2778
2279 2427
639 640
1998 1999
70 74
890 896
617 621
1936 1944
1200 1201
2848 2849
100 102
931 933
2578 2579
1503 1504
370 371
402 403
1441 1449
2341 2343
133 135
2913 2914
1780 1781
3132 3138
2385 2386
403 404
115 117
3216 3217
1795 1797
1234 1235
665 669
2825 2837
2946 2947
738 739
965 967
3205 3207
1537 1538
2356 2358
436 437
968 972
2116 2117
1267 1268
2659 2661
2566 2582
998 1000
3238 3240
1570 1571
469 470
3209 3213
2710 2712
3282 3283
2149 2150
1300 1301
772 773
2131 2132
1031 1033
1603 1604
1063 1065
470 471
502 503
742 750
2182 2183
3272 3274
3304 3306
2744 2746
2415 2421
1927 1929
7 8
