3014 3015
1687 1688
1399 1401
2665 2681
1669 1670
536 537
1129 1131
8 9
2248 2249
2780 2784
3047 3048
3079 3080
1979 1981
2551 2552
343 344
569 570
1982 1986
602 604
2281 2282
73 74
321 325
1433 1435
2532 2538
904 905
3145 3147
2552 2553
376 377
635 637
1994 1996
861 863
2720 2774
1466 1468
2617 2618
2215 2229
2315 2316
2027 2029
107 108
1787 1788
938 939
1229 1231
2348 2349
140 141
2651 2652
1550 1551
475 476
702 704
1274 1275
1022 1023
0 2992
2986 2987
3245 3247
2684 2685
756 760
2295 2315
974 982
206 207
1974 2000
1886 1887
1037 1038
2717 2718
1868 1869
789 793
768 770
272 274
1919 1920
1299 1309
3052 3053
3311 3313
1309 1353
1391 1392
542 543
161 177
2222 2223
3001 3007
1373 1374
240 241
3181 3203
1952 1953
2664 2684
2751 2752
1136 1138
1424 1425
575 576
2255 2256
532 614
3086 3087
1665 1667
1384 1388
1376 1384
36 38
2816 2817
2376 2402
1716 1718
867 869
1439 1440
899 901
306 307
3119 3120
609 610
2882 2884
2289 2290
2321 2322
339 340
372 374
2019 2020
598 600
2551 2555
1170 1171
1951 1965
1491 1492
582 592
2850 2851
642 643
1221 1222
1459 1539
2613 2615
1764 1766
1524 1525
915 923
955 959
947 955
2635 2639
179 180
3186 3187
3218 3219
1797 1799
2085 2086
645 653
117 125
1269 1271
7 253
2916 2917
708 709
3175 3177
1287 1288
3219 3220
3251 3252
2118 2119
683 801
1590 1591
2949 2950
1302 1304
134 150
2421 2422
1000 1002
992 998
2712 2714
1324 1328
1550 1554
2184 2186
2756 2757
1335 1337
3303 3304
1054 1058
2454 2455
246 247
1605 1606
3285 3286
1077 1078
1656 1657
1368 1370
1915 1917
840 842
1128 1129
279 280
1638 1639
1959 1960
1110 1111
2218 2220
1689 1690
1088 1092
2488 2489
3081 3083
2520 2521
312 313
1992 1993
571 573
2731 2741
1143 1144
10 11
2251 2253
1391 1395
290 294
1690 1691
1150 1152
313 314
345 346
593 597
2025 2026
604 606
1424 1428
43 44
346 347
2586 2587
2058 2059
76 77
2317 2319
1468 1470
907 908
1375 1391
3148 3150
2587 2588
2047 2049
379 380
1519 1521
670 672
2890 2891
1689 1703
3170 3174
1789 1790
2549 2561
2879 2881
991 992
2863 2873
2923 2924
2955 2956
1822 1823
463 464
3214 3216
2653 2654
2213 2239
1024 1025
2384 2386
736 738
2956 2957
748 749
1855 1856
1567 1569
2460 2461
1039 1041
478 479
946 962
2945 2947
1309 1310
2989 2990
2449 2451
2493 2494
1072 1074
1600 1608
1342 1343
263 267
3022 3023
242 244
1889 1890
2482 2484
132 192
2140 2146
2192 2193
2756 2760
2464 2472
1696 1697
3055 3056
2515 2517
1922 1923
307 309
1955 1957
275 277
2475 2481
847 848
1106 1108
610 612
5 681
1729 1730
1128 1132
1686 1768
1139 1141
2206 2212
1459 1460
2258 2259
1718 1720
2851 2853
2290 2291
1190 1192
1762 1763
1460 1461
2258 2524
2013 2019
39 41
2844 2850
1751 1753
83 84
2323 2324
3154 3155
2626 2627
1205 1207
1493 1494
677 679
2917 2919
1784 1786
2356 2357
1256 1258
2615 2617
3187 3188
2567 2577
2627 2628
746 778
2586 2590
86 94
167 168
1238 1240
70 86
998 999
418 424
1777 1783
2357 2358
1861 1862
728 729
2660 2661
3239 3240
2951 2953
1031 1032
2390 2391
743 745
182 183
2649 2651
1862 1863
441 443
462 466
473 475
2693 2694
485 486
2984 2986
3254 3255
1046 1047
2726 2727
518 519
1658 1660
809 811
1097 1098
2460 2464
2168 2176
1079 1080
1626 1627
551 552
3039 3043
3018 3020
3050 3052
1588 1600
513 525
1540 1560
1433 1434
3072 3076
3095 3096
1962 1963
1994 1995
861 862
2253 2255
1466 1467
45 47
1692 1693
3084 3086
2297 2298
1164 1165
3116 3118
2803 2807
2995 3157
555 563
3128 3129
2556 2558
1455 1457
2275 2279
2027 2028
927 929
366 367
2858 2859
3138 3142
1776 1808
1197 1198
617 623
1976 1982
1750 1756
3161 3162
1448 1454
1480 1486
111 113
931 935
3150 3152
942 944
702 703
2061 2062
2093 2094
1533 1534
1245 1247
432 433
144 146
2364 2365
1824 1826
3183 3185
1263 1264
2094 2095
2353 2355
1566 1567
2297 2311
2397 2398
1296 1297
1008 1010
768 769
2127 2128
2386 2388
2958 2959
2378 2384
1879 1883
750 751
1858 1860
1030 1034
3009 3010
801 802
2160 2161
2481 2482
1060 1062
1632 1633
211 213
3024 3026
1883 1889
255 256
790 792
2082 2098
2722 2724
1621 1623
834 835
1573 1583
233 237
2226 2228
1633 1634
2452 2454
1665 1666
225 233
3057 3059
416 438
1924 1926
1363 1364
835 836
2787 2789
867 868
3286 3296
1118 1124
1097 1101
1957 1959
1396 1397
3008 3022
2832 2833
1699 1700
1631 1645
299 303
1731 1732
598 599
2292 2294
2562 2563
1429 1430
2821 2823
2260 2261
332 336
1732 1733
2865 2866
1764 1765
2023 2025
1236 1237
103 104
8 132
2595 2596
2214 2230
1495 1497
2854 2856
2326 2328
1657 1675
1797 1798
697 699
2056 2058
1269 1270
2628 2629
136 137
3175 3176
2100 2101
967 968
118 119
2359 2361
1585 1655
439 440
2078 2082
9 69
2629 2630
1302 1303
701 705
2101 2102
2901 2909
2920 2922
712 714
3241 3243
1000 1001
151 152
1831 1832
2090 2092
202 203
2093 2097
432 436
1864 1865
2123 2125
2167 2168
1066 1067
2746 2747
1325 1327
538 539
250 252
2728 2729
1628 1630
1067 1068
3031 3032
571 572
1930 1931
1021 1037
2481 2485
1693 1695
2233 2234
3064 3065
32 34
604 605
1403 1404
35 39
1354 1362
14 16
3115 3116
2827 2829
533 581
866 870
1133 1134
2266 2267
338 342
685 715
2732 2740
1436 1437
1468 1469
1708 1716
3148 3149
2299 2300
1166 1167
2558 2560
638 639
1997 1998
2550 2556
350 352
2030 2032
2062 2064
2261 2273
80 82
873 887
1760 1762
973 974
3181 3182
3100 3108
401 403
1077 1211
2879 2880
2055 2061
3182 3183
2894 2896
1472 1480
2912 2913
103 107
2384 2385
1567 1568
2927 2929
1794 1796
1007 1008
966 970
2114 2115
1838 1839
2657 2659
2945 2946
136 140
209 210
1808 1816
2960 2962
999 1003
2399 2400
1266 1267
1871 1872
2671 2679
242 243
1601 1602
2701 2707
2432 2433
224 225
1904 1905
771 772
803 804
2163 2165
202 206
2402 2410
2195 2197
194 202
275 276
1914 1918
3314 3315
1106 1107
2465 2466
2205 2247
2786 2787
804 805
264 266
2217 2221
836 837
2768 2769
1926 1928
1139 1140
6 7
2498 2499
538 542
2819 2820
2757 2759
837 838
257 263
1116 1156
2801 2802
1668 1669
21 23
592 598
39 40
778 788
1431 1433
2003 2004
870 871
3111 3113
1205 1206
72 73
2885 2886
1464 1466
677 678
2036 2037
2316 2320
375 376
3115 3119
2014 2018
2874 2876
1238 1239
2886 2887
2845 2849
1486 1490
1497 1499
3177 3179
3169 3175
1541 1542
408 409
1800 1802
1271 1272
2878 2882
2919 2920
2070 2071
1530 1532
743 744
3210 3212
1020 1052
1574 1575
153 155
441 442
2361 2363
2649 2650
2501 2523
1272 1273
1211 1263
2103 2104
1563 1565
3203 3209
1575 1576
2394 2396
2054 2068
3287 3288
2154 2155
733 735
2621 2969
2136 2137
1596 1598
1003 1004
3276 3278
1608 1609
1068 1070
507 508
2114 2118
1338 1339
3018 3019
2169 2170
241 245
508 509
1900 1902
2472 2473
1932 1934
1271 1285
12 13
2763 2765
843 844
1102 1104
2153 2167
13 14
45 46
991 1007
844 845
3084 3085
2556 2557
1707 1708
574 575
193 209
1966 1968
2538 2539
836 840
877 878
1988 1992
607 608
887 891
79 80
858 864
1296 1584
990 1020
910 911
3150 3151
942 943
2622 2623
1201 1203
1773 1774
352 354
2320 2321
1245 1246
2032 2034
3183 3184
975 976
2623 2624
447 448
1374 1396
673 674
1226 1232
2046 2054
2353 2354
932 934
2065 2067
2877 2885
976 977
1008 1009
2656 2657
1555 1556
480 481
1407 1429
2386 2387
178 179
1858 1859
3217 3218
2929 2931
2689 2690
440 444
1840 1841
772 774
211 212
3024 3025
1603 1605
3250 3251
470 472
1042 1043
2993 3217
2722 2723
514 515
740 741
2113 2121
1345 1346
2452 2453
1924 1925
503 505
2467 2469
547 548
1906 1907
3287 3291
3014 3016
806 808
1378 1379
3017 3021
2209 2210
1669 1671
536 538
1957 1958
1356 1360
1939 1940
3047 3049
1411 1412
278 279
2242 2243
569 571
2789 2790
581 582
2821 2822
2231 2233
44 48
311 312
1444 1445
2552 2554
1703 1705
1142 1143
3 1773
614 615
2854 2855
2992 3234
646 647
2326 2327
1477 1478
344 345
3157 3158
1175 1176
647 648
107 109
2359 2360
3190 3191
1769 1771
982 983
1208 1209
2888 2889
2348 2350
2920 2921
140 142
712 713
939 941
410 411
2651 2653
3191 3192
1802 1804
2090 2091
1241 1242
1562 1563
1274 1276
993 997
1624 1654
2684 2686
975 979
1835 1837
2123 2124
654 664
447 451
174 176
2954 2955
746 747
364 416
2426 2427
2345 2353
1577 1578
444 445
363 457
2717 2719
716 724
1868 1870
1555 1559
1628 1629
779 780
366 382
1059 1063
210 214
1082 1083
542 544
2189 2190
2721 2725
1661 1662
812 813
2492 2493
2751 2753
575 577
14 15
2525 2526
3285 3297
2765 2773
1676 1677
1096 1102
568 574
2747 2755
1439 1441
2526 2527
2558 2559
3090 3094
1709 1710
3297 3307
350 351
2030 2031
1968 1970
1181 1182
601 607
48 49
80 81
2861 2862
3087 3088
2820 2824
339 341
3120 3122
1159 1163
331 337
2591 2592
1310 1332
631 635
383 384
642 644
1214 1215
2894 2895
2853 2857
2540 2546
2592 2593
384 385
2624 2625
416 417
1975 1987
834 850
114 115
3007 3037
2927 2928
1506 1508
1794 1795
945 946
2625 2626
417 418
2657 2658
1248 1249
147 148
2960 2961
1299 1300
2370 2372
1863 1867
2130 2131
709 711
2949 2951
1281 1282
2421 2423
2993 2994
3220 3222
431 437
1332 1333
2691 2692
1251 1259
1875 1877
2163 2164
1562 1566
1314 1315
2994 2995
2454 2456
1460 1518
1893 1894
1605 1607
217 221
1365 1366
775 777
214 215
3027 3028
247 249
819 820
279 281
1926 1927
438 454
2725 2726
1398 1399
2757 2758
1110 1112
2336 2356
21 22
2488 2490
3060 3061
2687 2699
852 853
1639 1641
1683 1684
1143 1145
582 583
2230 2231
2262 2263
1661 1665
313 315
1672 1674
305 311
3258 3310
583 584
615 616
2263 2264
2295 2296
3055 3067
87 88
2514 2520
3126 3127
346 348
1169 1175
76 78
616 617
2296 2297
88 89
368 372
3127 3128
2587 2589
1800 1801
379 381
1738 1740
2631 2632
649 650
2890 2892
2329 2330
2041 2043
3108 3114
2361 2362
2609 2613
153 154
2580 2586
700 701
2591 2595
383 387
2664 2665
2084 2090
682 683
2923 2925
962 966
2273 2285
2394 2395
1793 1797
3193 3194
2653 2655
413 415
733 734
715 716
2956 2958
1655 1683
1546 1547
1867 1868
3226 3227
478 480
2989 2991
2428 2429
1900 1901
3259 3260
2731 2732
1323 1331
2763 2764
1342 1344
3189 3201
1889 1891
1102 1103
2461 2462
253 254
973 989
1212 1234
3292 3293
2192 2194
556 557
847 849
286 287
1934 1935
1966 1967
545 547
1117 1118
2797 2798
17 19
589 590
287 288
1087 1095
578 580
1398 1402
2910 2940
2830 2831
1409 1411
881 883
2528 2529
320 321
352 353
2000 2001
2032 2033
1504 1505
83 85
1730 1731
2863 2864
3122 3124
2335 2336
3154 3156
3166 3167
1493 1495
2065 2066
932 933
1445 1455
2864 2865
803 819
87 91
2368 2369
1235 1236
3187 3189
2626 2664
666 670
2897 2898
2929 2930
1688 1706
419 420
2660 2662
2099 2100
2379 2383
1503 1517
182 184
2434 2435
1301 1302
2693 2695
485 487
732 736
2132 2133
2212 2242
2391 2393
2435 2436
3254 3256
2467 2468
892 990
1046 1048
1334 1335
3266 3267
806 807
1349 1351
2996 2997
788 789
1896 1898
3299 3300
1626 1628
551 553
2198 2199
2457 2459
681 1077
821 822
3288 3290
2501 2502
1080 1082
2760 2762
1892 1900
2199 2200
1124 1125
2231 2232
1611 1621
682 892
271 275
1703 1704
3062 3063
282 284
3310 3314
2434 2448
1962 1964
2534 2535
326 327
133 161
2793 2795
24 25
56 57
1164 1166
495 513
1135 1139
3128 3130
2567 2568
1146 1148
2265 2266
2858 2860
57 58
1769 1770
2568 2569
3161 3163
27 35
11 27
939 940
2298 2299
2903 2904
1802 1803
1408 1418
2601 2602
1500 1501
192 224
1533 1535
2331 2332
2364 2366
2936 2937
1835 1836
6 362
2094 2096
893 945
174 175
2666 2667
156 157
2397 2399
407 413
2315 2329
2667 2668
2127 2129
459 460
739 743
731 739
2958 2960
750 752
1038 1039
189 190
448 450
1020 1021
1341 1342
2700 2701
492 493
2940 2948
2112 2122
2172 2173
1839 1847
3131 3153
2630 2642
1301 1305
2161 2163
1374 1375
2733 2734
525 526
1633 1635
805 809
2205 2206
1625 1631
1903 1904
1363 1365
1355 1361
1334 1338
506 512
1407 1408
2766 2767
365 393
1105 1106
3069 3070
1936 1937
1968 1969
1687 1727
2799 2800
3120 3121
1699 1701
322 324
2562 2564
1861 1879
1441 1442
1473 1474
2865 2867
1732 1734
3091 3093
2304 2305
1171 1172
355 357
1474 1475
1506 1507
1085 1105
2305 2306
2337 2338
1204 1205
2596 2598
676 677
2035 2036
967 969
1539 1540
938 942
2338 2339
930 938
2370 2371
1237 1238
949 951
709 710
2068 2069
2673 2674
1540 1541
151 153
2932 2934
3220 3221
163 164
2403 2404
1875 1876
454 456
1573 1574
1492 1500
724 725
2404 2405
1864 1866
196 197
2983 2984
775 776
247 248
757 758
3286 3287
1078 1079
2437 2438
2696 2698
1909 1910
2728 2730
1639 1640
218 220
1038 1042
3031 3033
1930 1932
3301 3302
2222 2226
2201 2203
2233 2235
1672 1673
2411 2421
3064 3066
2 2258
2503 2504
1923 1929
1403 1405
1975 1976
874 875
2266 2268
3086 3090
1436 1438
2008 2009
875 876
306 310
1706 1707
2299 2301
1166 1168
1738 1739
1158 1164
1997 1999
2569 2570
609 613
2041 2042
908 909
320 330
1211 1212
1170 1174
110 111
2802 2814
1473 1477
413 414
1244 1245
956 958
143 144
974 975
394 400
2358 2364
1805 1806
2085 2089
3197 3199
1277 1278
2636 2637
1536 1538
708 712
2108 2109
2687 2688
1612 1613
1266 1268
2399 2401
1871 1873
1310 1311
2141 2142
1601 1603
2720 2721
2971 2977
3023 3024
246 250
1646 1647
545 546
17 18
1376 1377
3056 3057
2768 2770
1635 1637
2207 2208
1074 1075
1638 1642
3038 3039
2498 2500
578 579
1377 1378
837 839
1409 1410
881 882
312 316
291 293
2491 2497
1971 1973
2543 2544
870 872
3122 3123
914 915
2273 2274
345 349
1332 1348
915 916
947 948
1778 1779
645 646
2886 2888
2037 2039
117 118
896 902
2868 2870
1735 1737
948 949
408 410
2286 2334
1779 1780
2531 2547
2070 2072
150 151
1509 1510
1789 1793
3189 3190
110 114
2391 2392
2103 2105
102 110
1542 1543
970 972
1575 1577
3222 3223
143 147
1003 1005
135 143
1349 1350
1608 1610
1896 1897
467 473
2727 2728
1306 1308
1338 1340
2137 2139
2129 2135
2457 2458
508 510
2334 2424
3288 3289
1080 1081
2760 2761
2472 2474
778 779
2170 2172
2742 2743
282 283
2793 2794
585 586
844 846
3023 3027
1642 1643
2775 2776
2247 2248
1234 1260
2774 2780
1146 1147
2538 2540
1365 1371
618 619
1977 1978
1397 1403
877 879
2236 2238
1449 1450
316 317
3056 3060
607 609
1430 1436
3078 3084
910 912
61 63
1741 1743
1180 1181
1212 1213
684 685
1483 1484
2590 2591
382 383
3133 3135
1213 1214
673 675
2605 2607
2893 2894
685 686
2044 2045
397 399
717 718
304 320
976 978
2926 2927
2346 2352
718 719
1549 1550
1216 1224
448 449
2689 2691
1821 1829
3261 3262
1053 1054
1600 1601
2110 2111
802 834
2390 2394
1010 1012
1042 1044
3262 3263
481 482
2161 2162
740 742
1312 1313
1345 1347
2992 2993
1571 1573
2412 2418
2464 2465
2590 2604
482 483
253 331
518 522
1378 1380
785 786
2737 2739
2497 2498
2209 2211
515 516
1907 1909
2748 2754
850 851
3298 3306
1589 1599
322 323
548 549
2789 2791
1940 1942
1153 1154
20 21
1412 1414
851 852
3091 3092
355 356
3095 3099
1954 1962
1186 1187
53 54
1965 1971
585 589
2785 2793
1692 1696
1477 1479
884 885
916 917
2276 2278
2564 2565
2596 2597
388 389
1747 1748
647 649
86 87
618 622
917 918
337 343
949 950
1197 1201
389 390
1208 1210
2888 2890
1252 1253
119 120
2932 2933
3158 3159
2870 2872
3191 3193
410 412
2630 2631
2342 2344
2909 2949
1241 1243
454 455
2061 2065
1253 1254
1832 1833
983 984
1286 1287
1566 1570
185 186
717 721
2998 2999
1577 1579
444 446
1016 1017
2389 2397
2696 2697
488 489
1847 1848
2168 2169
186 187
218 219
2999 3000
1049 1050
1082 1084
3261 3265
1880 1881
1300 1306
2201 2202
780 782
1 2621
3258 3259
2670 2680
522 523
554 555
813 815
1385 1386
2216 2217
555 556
1418 1419
285 286
2526 2528
1677 1679
2497 2501
1116 1117
2796 2797
1721 1722
48 50
3087 3089
3099 3100
1731 1735
3131 3132
1691 1699
923 924
1710 1712
2829 2830
1214 1216
2301 2302
3260 3282
125 126
3132 3133
2592 2594
3164 3165
384 386
956 957
2595 2599
2862 2863
554 568
654 655
114 116
2574 2576
686 687
2334 2335
2274 2284
2433 2457
3165 3166
916 920
3197 3198
388 392
1536 1537
1248 1250
687 688
147 149
2079 2081
118 122
1518 1519
990 991
2130 2132
2702 2703
1281 1283
979 981
192 193
1298 1372
2019 2035
1551 1552
451 453
2691 2693
1023 1024
162 170
1314 1316
753 754
2433 2434
1012 1014
225 226
1584 1585
1635 1636
686 700
214 216
3027 3029
226 227
2466 2467
3186 3202
258 259
177 185
1838 1852
2377 2389
3297 3298
1089 1090
2688 2696
2995 2996
2427 2475
1067 1071
3267 3275
3060 3062
259 260
852 854
3238 3248
291 292
1683 1685
1971 1972
2802 2803
1381 1383
820 821
240 246
2532 2533
2004 2005
583 585
535 545
2263 2265
2835 2836
627 628
2533 2534
325 326
357 358
2005 2006
2037 2038
2836 2837
88 90
2868 2869
1735 1736
2627 2663
3119 3125
358 359
638 642
630 638
649 651
2289 2295
2329 2331
2901 2902
1768 1769
693 694
952 954
2599 2600
2022 2030
970 971
2902 2903
3182 3186
1513 1515
125 129
1273 1274
2632 2633
424 425
2912 2916
1524 1530
2935 2936
1834 1835
3194 3196
1546 1548
1225 1233
2665 2666
1306 1307
457 458
2137 2138
1849 1851
760 761
2547 2567
3227 3229
3219 3225
2170 2171
1590 1596
2702 2706
2429 2431
3001 3002
221 223
2461 2463
2699 2700
1297 1459
1372 1373
1624 1625
3292 3294
771 775
763 771
782 784
1354 1355
3034 3035
3314 3318
1934 1936
2506 2507
2732 2733
1657 1658
589 591
2236 2237
28 29
1708 1709
287 289
859 860
557 558
2830 2832
29 30
61 62
1668 1672
2528 2530
1660 1668
3100 3101
1741 1742
892 893
2000 2002
2270 2271
94 95
2502 2514
3101 3102
1774 1775
1833 1861
3133 3134
3166 3168
72 76
1472 1473
397 398
51 53
623 624
2004 2008
2036 2040
2605 2606
2015 2017
95 96
874 880
375 379
1775 1776
1707 1721
367 375
1487 1489
357 361
1505 1506
2897 2899
3077 3095
2336 2337
907 913
1808 1809
959 960
1759 1767
2639 2640
2671 2672
2919 2923
3137 3145
1010 1011
2369 2370
161 162
1841 1842
420 422
992 993
2672 2673
2132 2134
1571 1572
2176 2177
2402 2403
1822 1828
194 195
914 930
3007 3008
1874 1875
1273 1277
497 498
2737 2738
2964 2966
2136 2140
227 228
1834 1838
507 511
1907 1908
3299 3301
2436 2437
1109 1110
821 823
1940 1941
519 521
2199 2201
1412 1413
563 564
843 847
2243 2244
3062 3064
2534 2536
326 328
1353 1363
13 17
1445 1446
24 26
2804 2805
2276 2277
294 295
574 578
1974 1975
3096 3098
1176 1177
888 890
79 83
71 79
2870 2871
2903 2905
1949 2003
2342 2343
134 135
2601 2603
681 682
1500 1502
1512 1513
91 93
1444 1458
2331 2333
1463 1471
2936 2938
94 98
2375 2376
2073 2074
665 673
1831 1903
2376 2377
3136 3148
2656 2660
2667 2669
747 748
1818 1820
178 182
1290 1292
157 159
189 191
1840 1844
3240 3241
780 781
492 494
2172 2174
3239 3245
1611 1612
2970 2971
3291 3292
3250 3254
3229 3231
234 235
514 518
2260 2286
2140 2141
813 814
795 796
2475 2476
267 268
2734 2736
547 551
526 528
2766 2768
1098 1099
1645 1646
1677 1678
828 829
1936 1938
1149 1150
1375 1376
300 301
1079 1085
1939 1943
2206 2207
2624 2720
2239 2241
1411 1415
278 282
458 478
2811 2812
270 278
1710 1711
2622 2796
3070 3072
2242 2246
1182 1183
2541 2542
1408 1409
333 334
1441 1443
2013 2014
880 881
2844 2845
1171 1173
1743 1744
3103 3105
1142 1146
1134 1142
2574 2575
1474 1476
2833 2835
2046 2047
64 65
2305 2307
2877 2878
1744 1745
3157 3161
1776 1777
1175 1179
1987 1997
2079 2080
946 947
2910 2911
1777 1778
418 419
1809 1810
982 986
2608 2609
400 401
2673 2675
2112 2113
979 980
451 452
1810 1811
2943 2944
994 996
433 434
2113 2114
1012 1013
196 198
1263 1269
1027 1029
894 914
2146 2147
1045 1046
2405 2407
757 759
2977 2978
417 431
2437 2439
1285 1293
1728 1750
3249 3257
1775 1831
1348 1349
499 500
1787 1805
2179 2180
2966 2968
1078 1116
3010 3011
230 232
802 803
3301 3303
1461 1491
1381 1382
2160 2166
532 533
812 816
2212 2213
1632 1638
4 5
2492 2496
1311 1323
1910 1911
3291 3295
1333 1341
824 826
2012 2044
1112 1113
2504 2506
1676 1680
1943 1944
2548 2549
2008 2010
875 877
1415 1416
70 71
2045 2077
1709 1713
617 618
3109 3110
1149 1153
1976 1977
1750 1751
2581 2582
1448 1449
908 910
1480 1481
2840 2842
2279 2280
952 953
2570 2572
1783 1784
3142 3143
1182 1186
1481 1482
1193 1195
1513 1514
2312 2313
1743 1747
1816 1817
683 684
395 397
2647 2648
1133 1149
3194 3195
986 987
2345 2346
1805 1807
137 138
2377 2378
2906 2908
1817 1818
1277 1279
616 630
2636 2638
716 717
428 430
1849 1850
126 128
3227 3228
2378 2379
170 171
1809 1813
749 750
2681 2682
2101 2107
2429 2430
221 222
1580 1581
3260 3261
1052 1053
2411 2412
203 204
1883 1884
782 783
2142 2144
1022 1030
2714 2715
254 255
1613 1614
2126 2136
2900 2954
1646 1648
1085 1086
2765 2766
1816 1830
2703 2705
3275 3276
2747 2748
1614 1615
539 540
2207 2209
1074 1076
1066 1072
1086 1087
1045 1049
1037 1045
1118 1119
2798 2799
1949 1950
816 817
528 530
1727 1757
2780 2781
1119 1120
2543 2545
69 101
1982 1983
321 322
1680 1681
1052 1066
224 240
51 52
2015 2016
594 596
1487 1488
2846 2847
1713 1714
3105 3107
1217 1218
1587 1611
3127 3131
1779 1781
1218 1219
2631 2635
2610 2612
2049 2050
1509 1511
420 421
3171 3173
1251 1252
963 965
2850 2858
2082 2083
3222 3224
1586 1587
3193 3197
1213 1225
1813 1815
2676 2678
1543 1545
756 757
2115 2116
468 470
2964 2965
1587 1588
1867 1871
3218 3226
2418 2419
2997 2998
789 790
2428 2432
2979 2980
519 520
1318 1319
749 753
3030 3031
2742 2744
2502 2503
2440 2442
2111 2123
556 560
1642 1644
2214 2215
286 290
1686 1687
2465 2471
3266 3280
2786 2792
1945 1947
2517 2518
1977 1979
1384 1385
316 318
3096 3097
888 889
586 587
2819 2825
2550 2551
58 59
3037 3047
2809 2811
393 394
619 620
91 92
1450 1451
2583 2584
1483 1485
2055 2056
1753 1754
43 51
2864 2868
2335 2375
2375 2411
667 669
955 956
2635 2636
534 554
1818 1819
1217 1221
718 720
1290 1291
157 158
2380 2382
460 461
419 423
1323 1324
3229 3230
2109 2153
1021 1022
2108 2188
1574 1580
2941 2943
393 407
2701 2702
2413 2415
1852 1853
3262 3264
1324 1325
2955 2963
2155 2156
482 484
1054 1055
2734 2735
2154 2160
526 527
785 787
1357 1358
256 257
748 756
2188 2189
1055 1056
515 517
1087 1088
2239 2240
2177 2179
257 258
2169 2175
2749 2750
3217 3233
1649 1651
3070 3071
1088 1089
548 550
1153 1155
2800 2801
560 561
592 593
1951 1952
1124 1128
2578 2608
3030 3034
290 291
3022 3030
3103 3104
1121 1122
593 594
1186 1188
2833 2834
53 55
884 886
2564 2566
3136 3137
1922 1930
2287 2288
1747 1749
285 297
2265 2269
57 61
917 919
256 270
3169 3170
389 391
1446 1448
659 660
119 121
2426 2488
2339 2340
2051 2053
3158 3160
1522 1523
3170 3171
2069 2070
994 995
1253 1255
2900 2901
2320 2326
404 406
1523 1524
983 985
3203 3204
3235 3236
2862 2874
1027 1028
2102 2103
2666 2670
725 726
2405 2406
156 160
1556 1557
1016 1018
3236 3237
3268 3269
1847 1849
186 188
2966 2967
2999 3001
998 1006
2150 2152
230 231
1589 1590
1049 1051
489 491
3269 3270
1880 1882
1341 1345
1320 1322
1892 1893
1522 1536
263 264
522 524
2733 2737
1385 1387
824 825
2176 2182
2504 2505
1655 1656
3235 3249
1086 1096
1105 1109
857 858
297 298
1688 1689
2628 2656
1721 1723
1160 1161
27 28
747 763
2840 2841
1419 1421
2625 2687
858 859
2798 2844
2570 2571
1109 1115
362 363
2994 3164
1193 1194
2301 2303
2304 2308
363 364
395 396
1226 1227
646 652
2906 2907
924 925
344 350
1204 1208
1183 1185
1196 1204
676 680
428 429
655 657
1227 1228
126 127
731 732
2338 2342
1237 1241
1157 1169
1788 1789
2109 2110
688 690
2861 2877
1260 1261
2940 2941
2972 2973
1839 1840
764 765
1551 1553
163 167
1311 1312
2670 2671
462 463
2069 2073
3068 3126
2142 2143
1948 2012
721 723
1293 1294
753 755
2973 2974
724 728
2404 2408
2415 2417
2083 2093
495 496
2102 2106
2703 2704
193 194
798 799
2157 2158
1905 1906
496 497
1089 1091
1909 1913
528 529
0 1
779 785
259 261
1618 1620
3039 3040
2190 2191
831 832
1662 1663
2629 2647
2189 2195
3009 3017
1392 1393
3040 3041
3072 3073
2699 2711
1651 1653
2223 2224
864 865
2770 2771
594 595
627 629
2274 2275
1425 1426
3073 3074
3105 3106
2525 2531
897 898
2044 2078
2005 2007
2803 2804
1728 1729
2836 2838
835 843
2275 2276
1905 1919
3138 3139
358 360
930 931
2610 2611
2569 2573
2020 2022
2308 2309
4 1296
132 133
3259 3285
3139 3140
2599 2601
931 932
2832 2840
3171 3172
963 964
661 662
920 922
133 134
1492 1493
2432 2460
1813 1814
2632 2634
3204 3205
1244 1248
2644 2645
1236 1244
2676 2677
1543 1544
122 124
468 469
694 695
2259 2425
1015 1016
2086 2088
1525 1526
425 427
3205 3206
2296 2312
2100 2108
760 762
199 200
439 447
457 495
3238 3239
1879 1880
1030 1031
1591 1593
2996 3068
2141 2145
3168 3180
2440 2441
2972 2976
764 768
3271 3272
1063 1064
535 536
1894 1895
3002 3004
3034 3036
1366 1367
233 234
1893 1899
2506 2508
1945 1946
1096 1097
1773 2099
715 731
568 569
2776 2777
2188 2198
1399 1400
859 861
557 559
1377 1381
1129 1130
29 31
1388 1390
601 602
2809 2810
299 300
331 332
1979 1980
2230 2236
602 603
2270 2272
1421 1423
3101 3103
2540 2541
332 333
364 365
2012 2013
3145 3146
1904 1922
1724 1726
635 636
95 97
667 668
2347 2348
365 366
1778 1782
1117 1133
2045 2046
1757 1759
624 626
1196 1197
1656 1676
948 952
2380 2381
959 961
2639 2641
2078 2079
657 659
1790 1792
1229 1230
2909 2910
129 131
701 702
2801 2819
2941 2942
1841 1843
2413 2414
1280 1281
431 432
2111 2112
690 692
1523 1533
1542 1546
1313 1314
3204 3208
3245 3246
497 499
664 676
1903 1939
1328 1330
1015 1019
227 229
1235 1251
1007 1015
3226 3232
2727 2731
2177 2178
2916 2926
209 217
1649 1650
3008 3009
272 273
1631 1632
3311 3312
2970 2982
2 3
2243 2245
1092 1094
305 306
564 566
2804 2806
1136 1137
3 4
35 36
2775 2779
294 296
2247 2251
866 867
2514 2515
1125 1127
338 339
1832 1892
804 812
1169 1170
36 37
1449 1453
1716 1717
1176 1178
899 900
2547 2548
2579 2580
1446 1447
2051 2052
1989 1991
69 70
101 102
2882 2883
3108 3109
2580 2581
372 373
404 405
2003 2011
2084 2085
102 103
2613 2614
2073 2075
2893 2897
2885 2893
895 907
135 136
1527 1529
2368 2374
2347 2351
966 967
438 439
2150 2151
1541 1549
489 490
2608 2620
1560 1562
999 1000
1320 1321
2711 2712
2623 2785
481 485
234 236
1593 1595
1280 1284
2800 2826
1353 1354
1272 1280
2712 2713
2184 2185
1335 1336
795 797
2443 2445
267 269
1914 1915
1313 1317
1098 1100
3004 3006
2217 2218
9 10
1368 1369
788 794
496 506
828 830
2476 2478
1915 1916
840 841
300 302
3307 3309
1419 1420
2198 2204
2218 2219
2811 2813
42 43
2509 2511
3081 3082
1948 1949
873 874
333 335
2541 2543
20 24
12 20
851 855
2251 2252
1150 1151
1744 1746
2316 2317
1183 1184
655 656
2014 2015
2726 2746
1486 1487
65 67
2845 2846
1198 1200
2317 2318
1216 1217
2568 2574
1821 1822
688 689
2047 2048
1252 1256
1519 1520
98 100
2298 2304
670 671
2878 2879
42 56
2943 2945
1810 1812
2829 2843
1854 1855
721 722
433 435
1264 1266
255 285
2415 2416
2642 2644
3214 3215
1286 1290
185 189
1585 1586
164 166
3164 3214
736 737
3265 3266
1844 1846
2977 2979
1156 1180
2448 2449
488 492
480 488
1039 1040
2147 2149
2179 2181
1618 1619
2725 2763
362 532
2357 2367
3298 3299
2449 2450
241 242
2708 2710
500 502
1072 1073
1651 1652
3011 3013
1910 1912
2482 2483
1954 1955
525 531
2785 2786
1112 1114
3044 3046
1943 1945
1156 1157
2515 2516
307 308
1955 1956
1415 1417
1906 1914
1987 1988
5 6
945 973
610 611
1157 1158
3109 3111
1189 1190
1988 1989
2581 2583
2807 2809
2020 2021
887 888
2279 2281
2851 2852
1718 1719
923 927
2997 3055
1190 1191
2549 2550
902 904
3142 3144
1481 1483
920 921
632 634
2312 2314
104 106
3132 3136
311 319
1751 1752
935 937
801 857
122 123
2647 2649
2054 2055
2086 2087
986 988
2524 2578
137 139
2917 2918
1784 1785
425 426
2389 2390
1256 1257
2615 2616
2035 2041
407 408
1518 1522
857 873
1591 1592
458 459
440 441
2969 2970
2681 2683
1580 1582
171 173
2951 2952
203 205
2403 2409
1023 1027
1034 1036
1854 1858
473 474
2714 2716
3002 3003
794 795
2153 2154
1625 1626
2984 2985
1884 1886
2983 2989
1355 1356
506 507
1614 1616
827 828
539 541
765 767
226 230
3126 3154
2466 2470
2445 2447
258 262
237 239
3017 3018
809 810
1658 1659
2448 2452
1356 1357
816 818
3268 3274
1388 1389
3068 3069
11 12
1119 1121
2478 2480
1691 1692
3050 3051
2969 2983
1421 1422
2781 2783
820 824
1680 1682
893 894
44 45
2511 2513
1724 1725
2503 2509
1983 1985
2835 2839
2814 2816
894 895
2253 2254
1713 1715
2846 2848
2533 2537
325 329
1757 1758
624 625
3116 3117
1455 1456
2167 2187
3234 3258
927 928
2286 2287
639 641
1584 1686
1218 1220
1790 1791
369 371
657 658
1189 1193
1396 1406
2049 2051
1181 1189
2621 2622
129 130
1768 1772
3168 3169
1539 1571
693 697
111 112
343 355
1823 1824
690 691
1429 1439
2902 2906
162 163
2913 2915
2126 2127
705 707
993 994
144 145
424 428
1824 1825
2115 2117
1328 1329
195 196
2935 2939
1586 1624
3234 3235
177 178
2418 2420
2688 2689
2979 2981
3267 3268
1612 1618
1059 1060
210 211
2797 2861
1318 1320
3282 3284
2721 2722
1588 1589
513 514
1060 1061
1092 1093
10 42
564 565
1923 1924
790 791
3315 3317
2182 2184
1621 1622
794 798
2226 2227
1125 1126
684 746
2485 2487
3057 3058
2517 2519
28 32
2787 2788
827 831
819 827
2259 2260
3038 3044
2746 2756
1158 1159
586 588
3090 3091
58 60
630 631
1989 1990
2248 2250
1461 1462
2820 2821
3079 3081
2292 2293
1159 1160
619 621
631 632
2583 2585
1450 1452
2022 2023
1462 1463
2262 2270
2281 2283
73 75
2853 2854
1753 1755
904 906
664 665
623 627
376 378
2023 2024
1495 1496
1527 1528
394 395
2358 2359
1225 1226
1505 1509
2617 2619
697 698
2056 2057
1560 1561
460 462
1863 1864
150 156
2369 2373
1593 1594
1180 1196
3241 3242
700 708
1852 1854
2672 2676
1823 1827
1491 1503
2971 2972
763 764
475 477
2155 2157
2443 2444
1874 1878
2986 2988
2425 2426
217 218
1357 1359
3004 3005
195 199
2476 2477
1055 1057
206 208
3307 3308
1886 1888
1325 1326
250 251
3037 3038
2749 2751
2436 2440
2509 2510
1660 1661
2579 2605
560 562
3052 3054
1919 1921
2491 2492
2110 2126
2911 2935
563 567
1774 1948
1121 1123
1693 1694
1952 1954
32 33
2524 2525
895 896
2255 2257
2827 2828
2287 2289
614 654
367 368
1198 1199
65 66
2816 2818
896 897
368 369
1727 1728
1759 1760
659 661
98 99
2339 2341
2911 2912
3137 3138
2062 2063
2609 2610
2321 2323
401 402
1760 1761
1264 1265
1512 1516
1504 1512
1730 1738
1690 1702
962 963
382 388
2642 2643
1221 1223
1793 1794
725 727
1297 1298
164 165
1844 1845
1556 1558
3236 3238
179 181
467 468
2147 2148
2926 2932
1298 1299
2129 2130
1549 1555
1788 1800
3269 3271
2708 2709
1287 1289
1053 1059
500 501
2799 2827
3240 3244
3251 3253
2118 2120
3011 3012
101 117
2741 2742
533 534
1312 1318
2213 2214
3044 3045
2195 2196
3303 3305
2435 2443
534 535
2774 2775
1397 1398
264 265
1645 1649
297 299
3077 3078
1160 1162
2807 2808
1959 1961
2998 3050
2531 2532
71 72
1430 1431
850 856
3078 3079
902 903
2261 2262
2520 2522
880 884
632 633
1992 1994
1431 1432
104 105
1463 1464
3111 3112
935 936
2099 2205
665 666
2025 2027
64 68
1464 1465
924 926
56 64
2548 2562
1227 1229
2874 2875
666 667
2425 2491
2346 2347
2058 2060
1497 1498
3177 3178
1729 1741
3209 3210
400 404
1260 1262
3099 3115
2379 2380
171 172
1530 1531
1950 1974
3210 3211
1034 1035
581 601
1833 1834
1293 1295
732 733
2973 2975
2412 2413
1563 1564
1884 1885
463 465
2146 2150
765 766
1372 1444
798 800
3165 3181
1024 1026
237 238
2157 2159
2445 2446
2356 2368
1596 1597
3276 3277
1855 1857
1068 1069
2427 2428
1348 1352
2748 2749
499 503
459 467
831 833
2190 2192
2478 2479
3010 3014
270 271
1950 1951
1662 1664
2700 2708
2493 2495
2781 2782
1932 1933
1392 1394
2711 2717
3040 3042
271 272
2511 2512
864 866
2223 2225
3310 3311
2770 2772
1862 1874
1983 1984
1134 1135
1 2
2741 2745
2814 2815
1965 1966
1425 1427
3073 3075
304 305
2216 2222
897 899
1696 1698
1135 1136
254 304
639 640
1418 1424
3265 3281
337 338
3069 3077
369 370
2308 2310
3139 3141
2578 2579
1503 1504
2290 2292
1783 1787
1762 1764
1201 1202
1462 1472
661 663
2913 2914
705 706
2323 2325
2644 2646
2083 2084
1234 1235
694 696
1525 1527
3205 3207
2337 2345
1285 1286
1817 1821
3249 3250
687 693
167 169
739 740
199 201
1706 1724
170 174
3190 3200
3209 3213
3282 3283
2068 2076
728 730
1300 1301
772 773
1031 1033
3271 3273
1603 1604
470 471
1063 1065
2796 2900
3315 3316
2182 2183
1894 1896
1373 1407
1333 1334
1613 1617
1366 1368
805 806
2485 2486
503 504
2954 2964
615 645
3275 3279
2776 2778
2215 2216
7 8
