3014 3015
247 255
1687 1688
539 543
2474 2476
1669 1670
536 537
8 9
2248 2249
3047 3048
3079 3080
871 872
1979 1981
270 274
2551 2552
1130 1132
262 270
1702 1703
343 344
569 570
2189 2199
2470 2478
1174 1175
73 74
1433 1435
1680 1684
2481 2493
3112 3113
904 905
2552 2553
2282 2283
74 75
354 358
106 107
937 938
2005 2011
409 410
875 883
107 108
366 368
2618 2619
2650 2651
1517 1518
442 443
908 916
140 141
2579 2627
1532 1534
1820 1821
971 972
2651 2652
443 444
2683 2684
702 704
734 736
2934 2940
2381 2382
933 945
750 860
476 477
756 760
2975 2977
1307 1308
3019 3020
1886 1887
1037 1038
2957 2965
789 793
768 770
1340 1341
800 802
1919 1920
2750 2751
1490 1514
1321 1327
161 177
1841 1857
240 241
3053 3054
2751 2752
1424 1425
823 827
2255 2256
834 836
1406 1407
338 340
1985 1986
1365 1375
2816 2817
36 38
1687 1691
306 307
2547 2549
1679 1687
546 554
2018 2019
2817 2818
889 893
641 642
2289 2290
900 902
113 114
3152 3153
2551 2555
1170 1171
91 95
1491 1492
2850 2851
102 104
3130 3134
1782 1784
2254 2268
146 147
3153 3154
752 780
1472 1478
2883 2884
3163 3167
2088 2092
2067 2069
179 180
726 727
438 440
2085 2086
2690 2691
1269 1271
136 138
1557 1558
3175 3177
139 143
1287 1288
1011 1012
1517 1521
2949 2950
2421 2422
2133 2135
1572 1573
2680 2682
2712 2714
1044 1045
504 506
1623 1624
2454 2455
246 247
1605 1606
2912 2924
1077 1078
807 808
1915 1917
2487 2488
279 280
1638 1639
2746 2748
2185 2186
1110 1111
2790 2791
1948 1950
312 313
1279 1297
1420 1422
571 573
2771 2777
1143 1144
10 11
603 605
290 294
1150 1152
1722 1723
1453 1455
2025 2026
43 44
1435 1437
2276 2282
1723 1724
346 347
2834 2838
2586 2587
378 379
2026 2027
2845 2847
637 639
76 77
109 111
2696 2724
335 337
907 908
3148 3150
940 942
2587 2588
379 380
2059 2060
670 672
749 965
958 959
1877 1903
2890 2891
1522 1526
412 413
652 660
2092 2093
2879 2881
2124 2125
363 377
1722 1736
463 464
514 546
1006 1008
1294 1295
2653 2654
1105 1279
2384 2386
2604 2618
2416 2418
208 210
2460 2461
1327 1328
2686 2687
245 277
2945 2947
781 782
1287 1291
1921 1923
2493 2494
1360 1361
2940 2954
511 512
2191 2192
1342 1343
263 267
628 688
1141 1173
814 815
2969 3017
274 276
441 453
1889 1890
1393 1394
2293 2325
2785 2787
865 866
803 805
2483 2485
1696 1697
3055 3056
847 848
2043 2149
2257 2258
297 301
1157 1159
968 994
1729 1730
3088 3089
1988 1990
1160 1164
1427 1428
1459 1460
2258 2259
1718 1720
1208 1240
569 579
341 343
2549 2551
3121 3122
1460 1461
39 41
2852 2854
1751 1753
83 84
115 116
1223 1225
1795 1796
374 376
662 663
3154 3155
1226 1230
1205 1207
644 645
3092 3100
2885 2887
965 966
677 679
2356 2357
1508 1510
1256 1258
2627 2628
2586 2590
1259 1263
167 168
1526 1527
2659 2660
2918 2920
2357 2358
1108 1130
1829 1830
1541 1543
728 729
1839 2023
200 201
1031 1032
2390 2391
2943 2949
182 183
1773 1785
473 475
1592 1593
2984 2986
1064 1065
2423 2424
215 216
2744 2745
495 499
518 519
1658 1660
1097 1098
248 249
2489 2491
1356 1358
1928 1929
1327 1331
1626 1627
3039 3043
1858 1870
1130 1131
1662 1666
540 542
2220 2222
1433 1434
584 585
3072 3076
3051 3053
362 392
562 566
314 315
1422 1424
554 562
861 862
753 771
1393 1397
573 575
2825 2826
1692 1693
45 47
3084 3086
2297 2298
1164 1165
1056 1074
2523 2524
3116 3118
2453 2545
927 929
1499 1500
1765 1799
366 367
2858 2859
277 289
3106 3110
1758 1760
2330 2331
1197 1198
348 349
3161 3162
2621 2623
2028 2029
1106 1196
1532 1533
2891 2892
399 400
1230 1231
942 944
414 416
702 703
2320 2322
332 346
1565 1566
432 433
975 977
447 449
2094 2095
2353 2355
1566 1567
2925 2926
1846 1850
1825 1827
2397 2398
768 769
2127 2128
2386 2388
1599 1600
2958 2959
2378 2384
750 751
1879 1883
2737 2811
1842 1852
2721 2723
2481 2482
2193 2195
1632 1633
211 213
3024 3026
1891 1893
255 256
790 792
1034 1040
1581 1587
834 835
1366 1370
1565 1579
1093 1095
3057 3059
1924 1926
2496 2497
1927 1931
2787 2789
1614 1620
867 868
1666 1667
1957 1959
1089 1097
2529 2530
580 582
2227 2228
1647 1653
900 901
868 869
1699 1700
598 599
1990 1992
1429 1430
2325 2327
1732 1733
1764 1765
1 2451
2595 2596
2067 2068
934 935
365 369
1765 1766
2318 2324
3157 3159
697 699
1269 1270
2628 2629
136 137
3175 3176
2100 2101
967 968
1026 1054
1499 1503
118 119
2359 2361
1830 1831
2057 2059
2049 2055
2890 2900
2089 2091
2101 2102
1561 1563
2920 2922
2133 2134
712 714
2580 2594
151 152
399 403
2680 2681
472 473
1831 1832
2662 2663
970 978
453 459
432 436
217 219
2104 2112
2695 2696
487 488
2167 2168
1598 1602
2458 2460
2746 2747
1897 1898
2296 2318
2761 2763
1067 1068
2779 2780
1358 1360
571 572
1370 1371
2350 2374
1402 1403
833 837
2233 2234
1100 1101
1693 1695
305 309
32 34
1136 1140
1403 1404
863 865
35 39
1435 1436
302 303
14 16
2827 2829
3115 3116
1646 1656
1885 1901
2525 2527
3097 3098
1964 1965
2204 2212
2029 2031
2376 2404
335 336
867 871
2594 2626
3148 3149
940 941
1166 1167
1997 1998
2277 2281
3137 3139
1469 1470
2062 2064
80 82
2332 2333
2739 2757
2879 2880
1804 1805
590 598
962 964
1593 1621
2894 2896
1761 1763
1006 1007
2613 2617
1785 1791
405 409
2605 2613
2912 2913
2384 2385
1535 1536
106 112
2635 2641
2927 2929
2114 2115
1838 1839
2945 2946
2129 2131
1568 1569
1827 1829
1040 1041
1266 1267
1331 1333
2162 2164
2648 2732
1029 1031
1860 1862
2432 2433
1904 1905
771 772
803 804
2483 2484
2 1838
1014 1024
1634 1635
1914 1918
1106 1107
264 266
2196 2198
2768 2769
2516 2517
840 844
1107 1108
6 7
2498 2499
2819 2820
1398 1400
1970 1971
837 838
1430 1432
21 23
2261 2263
309 310
341 342
600 602
39 40
2852 2853
1701 1702
1981 1985
1838 2202
1173 1174
2793 2803
1205 1206
2885 2886
677 678
903 904
1508 1509
87 89
3115 3119
1767 1769
1541 1542
3140 3148
1800 1802
3159 3161
743 744
2649 2650
441 442
1833 1835
700 702
1272 1273
1304 1305
1575 1576
1035 1037
2682 2683
2394 2396
2715 2717
2154 2155
1305 1306
1764 1820
777 778
2136 2137
1596 1598
1003 1004
1068 1070
507 508
1338 1339
3018 3019
810 811
508 509
2420 2426
540 541
780 788
2220 2221
2472 2473
12 13
1371 1372
271 273
3051 3052
2471 2477
2202 2203
470 482
2482 2486
466 628
1674 1675
1134 1136
573 574
13 14
813 821
2505 2506
45 46
1437 1439
3084 3085
1663 1665
876 877
2268 2270
2486 2492
1966 1968
2538 2539
877 878
909 910
1375 1383
1740 1741
607 608
319 321
2227 2237
1999 2001
2851 2855
910 911
942 943
414 415
1773 1774
333 341
920 924
2032 2034
2320 2321
1471 1472
2884 2888
975 976
2623 2624
2582 2586
2335 2337
1202 1204
1234 1236
447 448
673 674
2353 2354
1825 1826
436 438
1008 1009
2368 2370
1807 1808
2098 2100
2386 2387
178 179
1858 1859
1009 1010
2401 2403
2455 2523
1840 1841
772 774
2419 2420
211 212
743 747
3024 3025
1603 1605
2962 2964
1891 1892
1322 1326
661 677
2821 2845
514 515
1301 1303
740 741
2434 2436
2452 2453
2164 2166
244 245
1843 1851
1924 1925
2663 2673
1075 1076
2682 2686
1334 1336
547 548
1906 1907
3014 3016
245 246
277 278
2209 2210
1957 1958
536 538
1108 1109
1367 1369
1340 1352
1939 1940
580 581
3047 3049
2219 2223
1411 1412
278 279
2190 2196
871 873
1670 1672
2242 2243
1702 1704
2868 2934
1141 1142
1174 1176
2821 2822
2293 2294
2816 3152
44 48
2519 2520
2552 2554
591 595
3124 3125
1142 1143
2822 2823
646 647
1884 1902
3076 3084
2024 2025
3157 3158
2803 2809
647 648
107 109
679 680
919 927
2359 2360
377 378
2618 2620
2777 2793
1769 1771
2057 2058
1208 1209
2600 2602
680 681
140 142
2920 2921
712 713
2319 2323
1511 1512
1791 1795
1241 1242
2633 2635
2352 2356
972 974
3172 3178
476 478
1595 1596
2666 2668
2954 2955
174 176
2426 2427
1037 1039
444 445
2024 2038
2156 2157
2761 2762
2987 2988
2045 2097
1610 1611
1082 1083
2189 2190
1913 1914
1661 1662
3020 3021
240 242
1060 1064
3053 3055
1071 1073
284 285
203 211
2751 2753
543 545
2743 2749
14 15
3021 3022
845 846
2525 2526
317 318
576 578
1407 1409
306 308
318 319
417 441
1137 1139
2558 2559
1709 1710
2256 2257
1968 1970
48 49
1181 1182
2289 2291
2861 2862
1440 1442
3087 3088
80 81
2559 2560
351 352
1170 1172
2001 2003
1214 1215
2894 2895
1761 1762
364 370
2012 2018
114 115
646 650
394 398
2927 2928
1025 1055
945 946
2358 2362
2085 2087
417 418
2097 2098
2876 2882
2048 2056
996 997
147 148
907 919
1827 1828
406 408
978 979
1299 1300
2738 2768
1237 1239
1210 1222
450 451
1011 1013
709 711
2949 2951
2421 2423
2993 2994
1860 1861
1240 1250
1572 1574
1251 1259
1044 1046
483 484
763 767
1314 1315
2994 2995
1605 1607
1365 1366
2971 3011
2724 2725
516 517
2196 2197
775 777
1908 1910
214 215
807 809
3027 3028
1579 1591
1078 1080
2185 2187
1110 1112
2757 2758
1398 1399
549 550
2790 2792
2229 2230
21 22
1380 1381
280 282
1639 1641
312 314
2758 2759
2230 2231
841 843
2794 2798
1413 1414
3093 3094
1960 1961
885 886
1165 1169
583 584
615 616
87 88
1767 1768
1993 1994
2026 2028
2697 2721
2824 2825
1465 1466
616 617
896 900
2296 2297
888 896
2328 2329
1708 1718
2587 2589
1800 1801
379 381
3159 3160
2558 2562
2059 2061
98 102
58 66
77 79
1498 1499
42 58
2329 2330
121 122
1940 1960
412 414
700 701
2092 2094
2664 2665
1531 1532
682 683
2362 2363
154 155
2394 2395
985 986
1265 1269
2697 2698
1644 1674
143 145
1276 1278
1546 1547
2654 2656
1867 1868
2698 2699
1497 1511
996 1000
969 983
220 221
2687 2689
1859 1863
479 481
511 513
2159 2161
2191 2193
2870 2890
2857 2957
2763 2764
2990 2992
1889 1891
2461 2462
493 501
1933 1934
2764 2765
556 557
1663 1664
2462 2463
3055 3057
1934 1935
2213 2253
2753 2755
1966 1967
1117 1118
1397 1401
17 19
3088 3090
319 320
1999 2000
570 576
2258 2260
3078 3082
2457 2469
2830 2831
289 297
2528 2529
3121 3123
2779 2785
4 1104
2032 2033
1504 1505
1337 1391
1730 1731
1442 1444
2335 2336
1202 1203
3154 3156
633 637
385 386
1312 1334
2833 2841
1464 1468
2864 2865
2368 2369
947 949
2594 2595
386 387
1799 1803
1526 1528
2098 2099
2897 2898
689 690
2401 2402
980 982
419 420
1338 1364
2652 2658
182 184
2962 2963
2434 2435
1301 1302
1411 1699
2391 2393
204 208
2423 2425
755 756
1334 1335
806 807
518 520
744 746
1637 1638
1349 1351
2996 2997
788 789
1928 1930
1367 1368
2727 2729
1626 1628
1670 1671
249 251
821 822
2501 2502
799 803
2199 2200
1124 1125
584 586
2763 2767
3062 3063
1123 1129
854 855
314 316
2534 2535
1113 1115
326 327
2818 2968
606 610
24 25
2523 2525
1736 1737
2567 2568
2154 2170
2265 2266
1737 1738
2516 2522
1769 1770
348 350
3161 3163
27 35
2600 2601
2859 2861
11 27
2298 2299
90 91
370 374
2570 2578
1230 1232
2050 2054
2869 2911
669 670
1201 1205
1233 1237
2633 2634
1500 1501
1212 1214
2892 2894
2105 2106
972 973
2331 2332
1504 1508
2590 2592
1803 1804
2094 2096
426 427
2914 2918
2666 2667
174 175
1566 1568
459 460
739 743
1599 1601
2171 2172
189 190
1976 1996
1721 1743
1341 1342
2700 2701
1300 1304
2172 2173
1632 1634
1071 1072
2149 2189
543 544
525 526
2205 2206
1104 1105
2464 2466
3036 3037
1903 1904
576 577
1407 1408
806 810
1666 1668
798 806
2238 2239
1105 1106
1137 1138
1669 1673
1968 1969
868 870
1440 1441
2799 2800
3120 3121
2271 2272
63 64
2530 2532
322 324
2001 2002
1473 1474
52 54
192 214
1732 1734
883 885
2563 2565
3135 3136
355 357
2282 2286
1621 1637
1474 1475
1746 1754
2305 2306
916 918
1736 1740
2035 2036
2628 2630
2294 2296
1539 1540
406 407
118 120
130 131
949 951
1237 1238
1842 1843
709 710
2101 2103
2673 2674
1540 1541
1820 1824
151 153
952 962
971 975
2371 2372
1831 1833
163 164
443 447
690 696
2328 2410
669 673
454 456
2105 2109
724 725
2965 2967
196 197
2983 2984
1908 1909
487 489
775 776
1307 1311
2455 2456
2167 2169
247 248
757 758
1865 1867
1078 1079
2437 2438
1897 1899
229 230
1008 1014
2740 2741
280 281
1639 1640
2171 2175
2351 2371
2470 2471
1337 1338
262 263
2742 2750
1942 1943
841 842
1580 1590
2233 2235
1100 1102
1144 1145
2503 2504
1403 1405
1488 1592
874 875
1594 1610
1406 1410
2806 2807
1705 1706
3097 3099
1964 1966
2536 2537
2857 2858
7 243
2795 2797
875 876
587 589
2008 2009
347 348
1706 1707
1166 1168
1178 1179
1210 1211
77 78
908 909
3141 3147
3120 3124
2332 2334
2872 2873
92 94
3131 3133
1211 1212
1489 1565
2074 2075
1473 1477
3153 3157
1772 1773
125 127
3164 3166
1244 1245
2603 2604
956 958
1996 2012
1276 1277
143 144
2875 2883
2075 2076
874 888
1535 1537
2654 2655
1579 1580
158 160
1805 1806
2064 2066
2636 2637
3104 3120
2056 2062
2669 2671
2957 2958
668 676
719 721
2687 2688
1266 1268
479 480
2159 2160
9 73
2990 2991
1569 1571
2432 2434
1343 1344
494 495
2735 2737
1041 1042
1634 1636
1646 1647
1313 1321
3005 3006
2753 2754
1077 1081
1284 1294
17 18
3004 3010
1376 1377
2983 2987
788 798
2768 2770
848 849
2207 2208
279 283
1638 1642
546 547
1679 1680
2498 2500
965 1025
629 661
1377 1378
837 839
1970 1972
309 311
3071 3072
2819 2857
291 293
611 612
579 580
2170 2182
1442 1443
822 832
612 613
84 85
2835 2837
947 948
2306 2307
1746 1747
378 382
2565 2567
645 646
244 302
2557 2563
76 80
1055 1075
980 981
693 695
2340 2341
1812 1813
404 412
2391 2392
1575 1577
1014 1015
2694 2695
2653 2657
1273 1275
1305 1307
744 745
777 779
1003 1005
216 217
1349 1350
995 1001
1896 1897
1047 1048
2686 2690
2727 2728
1878 1879
2137 2139
810 812
2457 2458
249 250
2647 2735
1028 1034
781 785
3000 3002
508 510
2472 2474
471 479
1371 1373
1342 1346
2742 2743
2982 2990
814 818
501 507
1113 1114
2793 2794
1416 1417
2770 2810
1675 1677
1027 1047
2826 2827
2538 2540
618 619
1977 1978
2257 2261
877 879
3077 3083
1147 1148
607 609
1740 1742
2859 2860
910 912
2313 2314
1460 1464
1212 1213
611 615
2892 2893
652 653
2043 2044
83 87
75 83
1515 1516
382 383
2590 2591
2623 2625
2302 2304
1766 1772
673 675
685 686
2044 2045
717 718
1516 1517
1183 1191
1807 1809
2627 2631
1246 1247
3 1411
2926 2927
1505 1507
718 719
2077 2078
1549 1550
1009 1011
2128 2129
707 709
1279 1280
2959 2960
2339 2349
751 752
2390 2394
2431 2432
1582 1583
740 742
2900 2910
1312 1313
1552 1560
2704 2706
2464 2465
1515 1529
2176 2178
1615 1616
482 483
3007 3009
1906 1908
2073 2085
785 786
216 220
2497 2498
2209 2211
248 252
1648 1649
515 516
1896 1900
2451 2647
818 819
2530 2531
2242 2244
322 323
128 192
548 549
1681 1682
1153 1154
20 21
1932 1938
52 53
1298 1392
2519 2521
883 884
1622 1632
2563 2564
355 356
2822 2824
1973 1975
1445 1447
3092 3093
1692 1696
2297 2301
916 917
2596 2597
1747 1748
647 649
2006 2008
2294 2295
2826 2830
1998 2004
618 622
3125 3126
2202 2328
2203 2293
1197 1201
949 950
2597 2598
389 390
2028 2032
680 682
1252 1253
1511 1513
422 423
454 455
1253 1254
2965 2966
983 984
2663 2664
1242 1244
74 90
714 716
2954 2956
1286 1287
706 712
2253 2271
953 961
185 186
2426 2428
1865 1866
444 446
2397 2401
1016 1017
2389 2397
2696 2697
1847 1848
2987 2989
1107 1141
186 187
2999 3000
2958 2962
5 749
1049 1050
1308 1310
521 522
1880 1881
2128 2132
1352 1353
3032 3033
2699 2707
1611 1613
2183 2184
255 259
2182 2188
554 555
3021 3023
1385 1386
252 253
845 847
3065 3066
2216 2217
555 556
2795 2796
1355 1363
587 588
59 60
285 286
890 891
2497 2501
1116 1117
1857 1875
2529 2533
1721 1722
1181 1183
48 50
92 93
2559 2561
3131 3132
351 353
1710 1712
1429 1433
1754 1755
1214 1216
653 654
2013 2015
1392 1402
2301 2302
125 126
1912 1932
3164 3165
956 957
2862 2863
654 655
2661 2693
2334 2335
913 915
945 947
158 159
3105 3115
2064 2065
989 990
2596 2600
2669 2670
2607 2609
966 1006
2100 2104
719 720
1518 1519
978 980
990 991
450 452
2581 2593
1569 1570
148 150
192 193
1299 1337
472 476
483 485
162 170
2735 2736
753 754
2994 2996
225 226
1584 1585
2724 2726
1056 1057
1315 1317
177 185
2377 2389
1089 1090
549 551
228 236
1380 1382
3028 3030
1920 1921
1067 1071
1059 1067
259 260
291 292
531 539
2758 2760
2750 2756
1370 1374
2230 2232
1402 1406
1953 1954
1960 1962
885 887
1412 1456
1155 1156
2835 2836
853 854
3094 3096
246 262
1993 1995
325 326
2565 2566
2005 2006
1465 1467
616 618
1188 1189
55 56
2868 2869
59 63
358 359
1978 1988
2038 2039
2869 2870
2901 2902
693 694
1240 1241
2311 2313
1876 1976
1491 1497
2850 2856
1222 1223
970 971
682 684
2902 2903
2362 2364
653 657
2934 2935
1273 1274
2344 2346
2632 2633
985 987
2104 2105
2883 2889
155 157
2935 2936
727 728
1546 1548
2694 2730
1705 1721
1867 1869
2665 2666
2137 2138
1288 1289
2968 2969
760 761
220 222
3000 3001
1040 1044
1539 1545
1339 1340
490 491
2170 2171
1321 1322
2429 2431
793 794
2699 2700
1624 1625
2970 3014
2764 2766
771 775
556 558
2203 2204
782 784
1623 1629
2942 2952
2462 2464
1675 1676
1934 1936
2506 2507
1085 1087
2732 2733
1657 1658
1117 1119
1456 1488
2204 2205
815 817
28 29
1708 1709
2830 2832
2237 2238
29 30
3100 3101
590 591
1730 1732
2302 2303
1701 1705
1774 1775
2573 2574
2605 2606
1472 1473
623 624
2864 2866
903 907
2015 2017
1723 1729
95 96
1775 1776
386 388
2546 2556
2606 2607
1505 1506
2897 2899
128 129
3167 3168
1939 1963
707 708
1538 1539
161 162
2901 2905
1841 1842
420 422
1272 1276
1264 1272
131 139
2704 2705
2931 2933
1571 1572
2176 2177
194 195
3007 3008
1025 1026
2737 2738
2456 2496
2996 2998
1076 1077
507 511
2738 2739
1109 1110
2501 2503
2047 2067
1940 1941
2199 2201
1412 1413
1538 1552
2771 2772
563 564
3030 3032
1209 1233
1394 1395
2469 2470
854 856
1674 1678
3062 3064
1941 1942
326 328
1973 1974
13 17
1445 1446
24 26
2804 2805
1383 1385
876 880
2276 2277
1075 1089
847 853
294 295
3107 3108
2567 2569
1592 1644
2006 2007
2265 2267
629 630
1737 1739
909 913
2228 2236
1176 1177
1729 1735
3140 3141
2838 2839
2298 2300
2870 2871
1109 1123
1209 1210
921 923
3173 3174
2040 2041
1500 1502
632 640
2072 2073
2871 2872
663 664
954 956
662 668
1242 1243
426 428
2073 2074
714 715
105 113
1545 1546
696 697
2376 2377
2106 2107
178 182
2365 2367
2937 2938
189 191
2441 2442
1308 1309
780 781
2139 2140
2172 2174
2398 2400
1323 1325
2970 2971
1611 1612
1870 1872
2442 2443
2701 2703
2140 2141
813 814
525 527
1571 1575
2205 2207
1644 1645
223 225
267 268
1098 1099
725 737
1645 1646
2238 2240
256 258
1097 1103
2508 2509
1375 1376
559 561
2799 2801
2811 2812
1678 1679
63 65
1710 1711
1120 1122
333 334
2013 2014
880 881
592 594
2272 2274
3124 3128
1743 1744
2542 2543
1474 1476
2046 2047
832 840
625 627
913 914
304 312
2877 2878
1744 1745
1164 1170
2575 2576
2035 2037
2607 2608
418 419
1777 1778
3169 3171
400 401
148 149
2080 2081
691 693
2891 2897
2371 2373
2943 2944
1810 1811
2069 2071
1282 1283
2641 2642
433 434
2113 2114
2944 2945
1843 1844
2649 2731
1315 1316
2674 2675
466 467
2146 2147
2925 2931
717 723
2405 2407
757 759
1285 1293
2977 2978
517 518
1876 1877
2454 2528
2707 2708
2127 2133
2740 2742
3028 3029
1607 1609
2179 2180
930 952
1610 1614
418 432
1877 1878
230 232
2438 2440
2441 2445
2820 2850
532 533
3061 3062
3020 3024
2212 2213
4 5
284 288
3043 3044
2503 2505
1414 1415
3094 3095
2806 2808
2245 2246
1112 1113
824 826
3076 3077
2536 2538
1943 1944
1415 1416
1514 1538
214 228
1447 1448
2008 2010
1706 1708
919 920
2278 2279
1145 1146
70 71
318 322
857 859
1178 1180
1709 1713
329 331
1976 1977
2581 2582
1448 1449
1480 1481
3087 3091
2872 2874
952 953
2311 2312
3050 3060
3142 3143
2614 2615
1193 1195
1481 1482
2344 2345
1244 1246
395 397
2075 2077
2647 2648
155 156
1514 1515
114 118
934 940
1805 1807
2377 2378
1817 1818
568 590
2275 2287
147 151
731 733
2378 2379
170 171
1830 1836
442 450
749 750
2109 2111
1469 1485
2429 2430
1580 1581
2972 2974
764 766
2411 2412
2650 2694
2651 2659
203 204
1343 1345
782 783
2714 2715
1041 1043
3005 3007
1872 1874
1085 1086
236 237
2023 2043
2214 2248
815 816
1614 1615
539 540
2207 2209
3019 3027
1886 1894
243 361
2698 2712
517 521
2798 2799
1377 1379
2757 2761
528 530
2229 2233
2780 2781
1647 1648
2452 2570
1919 1927
1982 1983
849 850
3061 3065
1680 1681
1941 1951
3093 3097
2813 2814
612 614
1184 1185
51 52
583 587
84 86
2015 2016
354 355
1713 1714
2306 2308
2318 2319
1185 1186
1217 1218
2048 2049
1447 1451
99 101
2351 2352
1218 1219
1250 1251
2610 2612
2049 2050
821 845
121 125
1480 1484
1840 1876
1553 1554
113 121
420 421
1804 1810
1251 1252
631 641
1531 1535
2643 2645
2931 2932
2082 2083
154 158
1554 1555
2661 2662
146 154
453 454
1813 1815
1284 1285
756 757
2115 2116
1587 1588
486 487
726 734
1317 1318
789 790
2407 2409
2451 2452
1250 1264
3030 3031
822 823
2941 2953
1653 1654
1933 1937
1383 1384
823 824
2968 3092
2214 2215
2535 2536
1945 1947
2517 2518
888 889
1147 1149
298 300
58 59
2798 2802
1417 1418
889 890
3129 3130
921 922
393 394
1339 1355
619 620
91 92
1963 1973
2583 2584
3130 3131
2842 2844
634 636
382 384
954 955
2314 2316
385 389
1785 1786
1184 1188
51 55
685 687
43 51
3163 3164
2088 2089
2635 2636
346 354
1786 1787
1246 1248
1217 1221
2365 2366
2077 2079
1549 1551
139 140
1427 1445
460 461
2959 2961
2398 2399
1323 1324
2122 2123
1870 1871
1582 1584
1021 1022
1553 1557
2701 2702
1280 1282
205 207
493 494
1852 1853
223 224
1803 1817
2155 2156
1885 1886
785 787
2144 2146
256 257
1616 1618
1055 1056
2460 2468
486 490
1346 1348
559 560
818 820
289 290
1649 1651
2981 2993
1681 1683
1120 1121
1153 1155
592 593
1951 1952
1124 1128
2272 2273
290 291
2782 2783
3103 3104
2254 2255
2513 2515
2505 2511
1104 1298
2833 2834
625 626
1456 1457
3036 3050
3136 3137
1715 1717
2287 2288
2834 2835
3125 3127
1457 1458
1489 1490
2597 2599
389 391
1748 1750
3169 3170
1792 1793
371 373
2778 2790
691 692
2339 2340
2051 2053
1490 1491
1522 1523
422 424
2069 2070
1253 1255
2900 2901
1523 1524
2915 2917
1774 1780
1027 1028
725 726
644 652
2117 2119
2405 2406
1847 1849
459 463
1607 1608
186 188
2150 2152
2357 2365
230 231
2438 2439
1049 1051
456 457
1829 1837
1017 1019
1061 1062
2420 2421
521 523
1880 1882
2700 2704
1352 1354
3032 3034
2183 2185
2471 2472
263 264
1622 1623
2453 2454
2072 2088
1385 1387
252 254
724 738
824 825
2216 2218
1083 1085
215 223
2486 2487
547 553
2046 2072
285 287
857 858
890 892
297 298
1076 1082
329 330
1688 1689
1160 1161
27 28
967 995
3066 3067
278 284
2271 2275
2250 2252
2570 2571
362 363
129 161
1161 1162
1193 1194
60 61
2283 2285
2571 2572
363 364
395 396
2862 2864
654 656
1226 1227
1699 1825
2825 2833
1485 1487
924 925
2604 2605
1529 1530
3136 3140
1755 1756
1227 1228
1259 1260
2907 2908
679 685
1518 1520
731 732
1470 1480
990 992
2637 2638
429 430
1788 1789
2109 2110
1821 1823
1260 1261
2673 2677
1540 1544
2940 2941
2972 2973
1839 1840
764 765
163 167
1854 1856
2913 2923
392 404
1584 1586
225 227
1872 1873
196 200
495 496
2175 2176
1887 1889
193 194
2718 2720
738 748
798 799
2157 2158
1905 1906
2437 2441
1057 1059
229 233
1629 1630
2097 2113
2448 2450
2156 2162
528 529
496 497
0 1
259 261
3039 3040
2190 2191
1090 1092
1662 1663
1082 1088
1913 1919
2241 2242
1392 1393
3040 3041
3072 3073
2223 2224
2770 2771
2662 2680
562 563
1155 1157
1954 1956
66 67
3073 3074
3105 3106
1684 1686
897 898
2803 2804
595 596
55 57
1188 1190
2275 2276
67 68
347 351
99 100
3106 3107
358 360
930 931
2038 2040
2610 2611
6 466
628 629
2861 2867
2020 2022
2308 2309
132 133
931 932
598 606
2643 2644
661 662
2902 2904
2341 2342
133 134
1492 1493
1813 1814
3172 3173
2595 2603
468 469
122 124
2935 2937
1015 1016
2414 2448
2374 2375
1846 1847
997 998
2677 2678
2636 2640
1288 1290
1048 1049
760 762
2119 2121
2407 2408
1879 1880
490 492
2993 2999
2152 2154
3152 3172
1624 1626
1912 1913
2743 2744
1894 1895
1314 1320
794 796
1366 1367
233 234
2506 2508
2732 2734
1945 1946
1376 1380
568 569
1927 1928
2175 2179
848 852
827 829
2474 2475
298 299
1978 1979
2218 2226
2777 2778
29 31
1388 1390
3068 3070
3100 3102
579 583
1979 1980
2842 2843
2469 2481
634 635
2241 2245
2314 2315
893 895
332 333
2573 2575
364 365
2012 2013
1724 1726
623 625
95 97
2875 2876
2255 2265
1775 1777
66 70
365 366
2045 2046
1196 1197
2876 2877
668 669
1428 1440
3167 3169
1997 2005
1498 1504
657 659
2941 2942
2340 2344
132 136
1280 1281
205 206
1812 1816
752 753
2942 2943
734 735
194 196
2974 2975
2414 2415
1313 1314
2144 2145
1903 1939
1616 1617
1328 1330
2975 2976
2114 2122
1598 1599
1346 1347
689 705
1649 1650
800 801
1048 1052
563 565
2 3
1394 1396
2461 2467
833 834
2513 2514
305 306
2772 2774
1904 1912
2804 2806
1136 1137
3 4
1416 1420
35 36
1715 1716
294 296
3107 3109
2546 2547
1125 1127
338 339
1645 1657
36 37
1176 1178
1748 1749
2547 2548
2579 2580
371 372
2838 2840
3018 3036
2051 2052
2277 2278
1461 1463
2528 2534
2313 2317
3173 3175
2580 2581
2040 2042
1191 1193
404 405
1143 1153
663 665
862 874
102 103
2915 2916
1782 1783
1494 1496
933 934
1173 1181
2613 2614
405 406
2025 2035
2117 2118
984 985
966 967
2106 2108
438 439
2926 2930
2905 2907
718 722
2937 2939
2150 2151
1017 1018
2981 2982
419 425
471 472
1863 1865
2982 2983
2442 2444
2140 2142
2712 2713
1304 1312
504 505
3103 3129
1083 1084
1615 1619
482 486
267 269
1914 1915
193 203
1098 1100
2136 2144
1637 1643
9 10
1648 1652
1915 1916
840 841
2508 2510
2778 2779
3017 3061
2218 2219
570 571
3037 3039
2250 2251
829 831
42 43
2811 2813
548 552
1948 1949
20 24
1132 1134
1420 1421
12 20
880 882
603 604
2283 2284
1150 1151
75 76
2542 2544
1981 1982
1453 1454
1485 1486
2877 2879
1744 1746
1183 1184
2535 2541
1747 1751
1415 1427
1726 1728
2575 2577
1198 1200
2845 2846
637 638
1777 1779
109 110
1821 1822
688 689
2047 2048
400 402
2080 2082
1459 1469
2652 2653
1252 1256
670 671
2350 2351
1810 1812
3129 3135
1282 1284
2641 2643
1854 1855
393 399
433 435
1552 1553
1471 1479
1142 1160
3135 3151
2415 2416
2674 2676
1887 1888
754 755
2146 2148
185 189
2718 2719
164 166
984 988
2977 2979
1844 1846
1057 1058
1016 1020
2416 2417
468 514
208 209
2448 2449
2179 2181
2044 2136
2999 3003
197 199
130 146
2330 2350
1090 1091
2708 2710
1921 1922
3011 3013
1123 1124
2482 2483
274 275
860 930
1954 1955
73 105
533 535
2785 2786
2245 2247
1772 1798
1684 1685
3044 3046
1943 1945
555 559
1414 1452
754 768
2774 2776
5 6
2818 2819
2278 2280
1145 1147
70 72
1116 1120
1157 1158
1988 1989
1448 1450
2020 2021
2851 2852
1718 1719
3110 3112
2549 2550
1754 1758
467 567
2614 2616
1481 1483
2301 2305
920 921
2884 2885
392 393
1751 1752
3143 3145
935 937
2582 2583
1223 1224
374 375
122 123
2334 2338
953 954
665 667
2305 2311
425 426
1817 1819
2496 2516
2389 2390
1256 1257
989 993
2119 2120
2858 2868
2346 2348
2918 2919
2545 2557
377 385
1001 1003
2969 2970
1700 1764
2152 2153
2379 2381
171 173
2411 2413
1322 1323
1241 1249
473 474
794 795
705 717
2632 2646
2984 2985
1743 1761
524 525
2415 2419
2456 2457
302 332
1355 1356
1595 1603
827 828
2445 2447
1658 1659
237 239
3017 3018
2489 2490
1356 1357
1388 1389
1920 1924
2780 2782
3068 3069
860 861
2219 2220
11 12
2478 2480
3050 3051
1942 1948
1982 1984
849 851
1953 1957
1661 1669
2813 2815
893 894
44 45
2511 2513
1724 1725
591 592
1144 1150
8 128
1422 1423
853 857
2253 2254
1713 1715
325 329
1185 1187
317 325
3116 3117
2215 2227
2847 2849
927 928
1758 1759
1218 1220
657 658
2256 2264
129 130
1488 1489
2621 2622
2319 2320
3071 3087
1791 1792
1211 1217
690 691
1222 1226
2082 2084
162 163
2074 2080
1554 1556
1780 1782
2352 2353
2115 2117
1328 1329
727 731
1587 1589
1026 1027
177 178
2665 2669
425 429
1857 1858
1317 1319
2824 2842
228 229
1059 1060
2739 2740
531 532
2721 2722
793 797
2193 2194
1653 1655
1060 1061
1092 1093
243 244
2772 2773
10 42
502 504
790 791
494 500
2155 2167
1621 1622
1093 1094
2212 2292
1125 1126
1657 1661
524 528
3057 3058
2517 2519
516 524
28 32
1428 1429
2787 2788
3027 3035
1905 1911
1417 1419
630 631
2237 2241
2248 2250
1461 1462
2820 2821
567 611
3141 3142
3079 3081
619 621
1191 1192
631 632
343 345
2583 2585
1990 1991
1494 1495
361 362
3112 3114
2325 2326
904 906
751 813
2023 2024
615 623
394 395
1786 1788
2358 2359
2606 2610
937 939
645 651
1977 1993
2905 2906
697 698
2056 2057
409 411
1560 1561
460 462
630 644
1863 1864
2089 2090
2410 2411
2122 2124
1561 1562
1021 1023
1593 1594
1852 1854
2578 2632
2664 2672
2971 2972
2683 2685
763 764
2381 2383
1594 1595
217 218
3004 3005
1015 1021
1047 1053
2458 2459
1878 1884
3037 3038
829 830
1568 1578
1132 1133
1951 1953
1358 1359
1963 1964
2782 2784
862 863
2794 2795
334 335
1693 1694
1092 1096
1165 1166
32 33
1424 1426
1996 1997
863 864
2827 2828
2287 2289
861 903
1726 1727
1985 1987
1198 1199
2557 2558
1457 1459
3104 3105
2029 2030
896 897
515 531
1792 1794
2018 2020
98 99
1678 1692
2911 2912
3137 3138
2062 2063
641 643
688 724
1264 1265
131 132
2871 2875
1523 1525
962 963
1265 1266
1364 1388
1545 1549
164 165
696 700
1844 1845
1516 1522
995 996
467 468
179 181
1298 1299
2690 2692
1557 1559
197 198
2129 2130
456 458
1028 1029
1560 1564
1061 1063
2708 2709
1859 1860
2139 2143
1331 1332
2911 2925
3011 3012
2431 2437
2410 2414
1029 1030
2162 2163
501 502
533 534
2113 2127
2213 2214
1364 1365
3044 3045
755 763
2974 2980
2774 2775
0 2816
1397 1398
264 265
3077 3078
2228 2229
1688 1690
2487 2489
1700 1701
567 568
599 600
3066 3068
1430 1431
3078 3079
3110 3111
2261 2262
1161 1163
600 601
60 62
632 633
2571 2573
3143 3144
935 936
334 338
2534 2542
1766 1767
633 634
665 666
105 106
1464 1465
924 926
1529 1531
1755 1757
968 969
2648 2649
1227 1229
1799 1800
2907 2909
2346 2347
1497 1498
2637 2639
969 970
429 431
1788 1790
1001 1002
1260 1262
2379 2380
958 960
90 98
171 172
1034 1035
1833 1834
1581 1582
2331 2339
2124 2126
204 205
2944 2948
983 989
1884 1885
463 465
1035 1036
361 417
1294 1296
2715 2716
1286 1292
2445 2446
2157 2159
237 238
2356 2368
1596 1597
1629 1631
496 498
1068 1069
2707 2711
2478 2479
270 271
1341 1349
2493 2495
1360 1362
532 536
1932 1933
799 800
3040 3042
2419 2429
271 272
2223 2225
2511 2512
303 304
3043 3047
1134 1135
1 2
1413 1453
606 607
832 833
3073 3075
1112 1116
3065 3071
865 867
897 899
304 305
1437 1438
1696 1698
2268 2269
595 597
67 69
2847 2848
1998 1999
2545 2546
1470 1471
2308 2310
599 603
931 933
2578 2579
370 371
469 493
3142 3146
2050 2051
1201 1202
1233 1234
2980 3004
2341 2343
2913 2914
1492 1494
705 706
133 135
1780 1781
303 317
115 117
2329 2405
1795 1797
1234 1235
2914 2915
2374 2376
706 707
738 739
1285 1286
997 999
1196 1208
436 437
2677 2679
2695 2727
2659 2661
167 169
739 740
170 174
469 470
2149 2150
728 730
1300 1301
2980 2981
200 202
772 773
2817 3103
1031 1033
1603 1604
470 471
502 503
2182 2183
1894 1896
2714 2718
233 235
2164 2165
1064 1066
236 240
2603 2621
2744 2746
2215 2216
7 8
