3014 3015
247 255
2445 2449
624 650
2518 2519
1917 1921
1949 1953
8 9
601 603
2248 2249
3047 3048
871 872
1979 1981
270 274
2551 2552
262 270
343 344
569 570
1982 1986
2249 2250
73 74
2773 2781
872 873
332 334
2584 2585
502 516
376 377
2843 2845
1207 1208
74 75
2126 2152
106 107
354 358
3113 3114
1713 1717
905 906
1705 1713
2318 2322
937 938
2585 2586
2617 2618
2876 2878
107 108
3146 3147
938 939
398 400
2618 2619
442 443
2348 2349
140 141
672 676
2953 2954
1532 1534
2651 2652
2363 2365
1550 1551
475 476
2082 2086
1262 1264
1274 1275
2381 2382
2093 2095
2913 2917
705 709
2986 2987
1853 1854
1565 1567
1004 1005
2684 2685
756 760
735 737
1307 1308
767 769
738 742
3019 3020
2717 2718
509 510
1868 1869
1340 1341
207 208
3052 3053
1270 1282
2750 2751
1391 1392
542 543
3009 3011
2222 2223
1373 1374
833 835
240 241
1653 1657
305 307
491 497
2751 2752
2255 2256
1041 1049
1406 1407
2514 2516
3086 3087
1665 1667
2244 2246
36 38
2196 2206
608 609
2288 2289
867 869
1439 1440
1066 1078
1719 1723
2018 2019
1897 1909
2550 2554
1377 1385
2817 2818
609 610
2849 2850
2248 2252
2289 2290
873 885
113 114
339 340
372 374
2019 2020
3152 3153
1170 1171
91 95
2850 2851
102 104
1742 1748
2354 2355
3153 3154
593 607
405 407
2052 2053
1236 1238
2883 2884
2355 2356
966 968
1254 1255
2646 2648
438 440
2617 2621
1557 1558
168 170
1176 1192
1195 1205
1375 1401
3175 3177
180 181
2388 2389
1287 1288
2100 2102
3 1451
2811 2837
1291 1295
150 158
829 855
2723 2724
1461 1477
134 150
2421 2422
1000 1002
213 214
1572 1573
1044 1045
504 506
1550 1554
202 204
2454 2455
246 247
733 743
2713 2715
2745 2747
1128 1129
3019 3023
1638 1639
279 280
559 563
2778 2780
1110 1111
1390 1394
2889 2913
1689 1690
2488 2489
2748 2794
2520 2521
312 313
778 786
571 573
10 11
290 294
1690 1691
1789 1813
2823 2824
3082 3084
3114 3116
313 314
1065 1081
2025 2026
604 606
1131 1175
43 44
1663 1673
1456 1460
1435 1437
2454 2468
2247 2255
2554 2555
2586 2587
2805 2811
2058 2059
76 77
2889 2890
1756 1757
335 337
2288 2292
109 111
3148 3150
1228 1229
940 942
3180 3182
651 659
2091 2092
958 959
2890 2891
2350 2352
1328 1432
2922 2923
1789 1790
1501 1503
341 353
973 975
3173 3179
412 413
871 927
3059 3077
2092 2093
2879 2881
703 705
991 992
2923 2924
463 464
2955 2956
1374 1404
2653 2654
445 446
1024 1025
2384 2386
2416 2418
748 749
2988 2989
1855 1856
208 210
2114 2116
2686 2687
747 753
478 479
245 277
2158 2159
1309 1310
1728 1788
456 460
448 456
201 207
1921 1923
2493 2494
1072 1074
1032 1038
1360 1361
2723 2727
1342 1343
263 267
1329 1373
2962 2972
2482 2484
2450 2452
274 276
2192 2193
2224 2225
803 805
3055 3056
1955 1957
2786 2788
577 578
1685 1687
857 861
2977 2993
836 838
297 301
1729 1730
3088 3089
308 310
3066 3070
2819 2821
2258 2259
2593 2594
39 41
2852 2854
83 84
2323 2324
2582 2584
2574 2580
1373 1429
2626 2627
1205 1207
1493 1494
1404 1416
644 645
965 966
116 117
2356 2357
1796 1797
695 696
1434 1444
2087 2089
167 168
2907 2911
898 912
2918 2920
998 999
389 397
1861 1862
728 729
2120 2122
2692 2693
119 127
2951 2953
743 745
2670 2674
2630 2638
2649 2651
761 762
1500 1510
2693 2694
2113 2119
1592 1593
1304 1306
991 995
2197 2198
1064 1065
983 991
2423 2424
215 216
1046 1047
506 508
2154 2156
518 519
248 249
2489 2491
1928 1929
1626 1627
2359 2381
551 552
2219 2221
1130 1131
1229 1253
1869 1879
1961 1962
1433 1434
2252 2254
2264 2265
1131 1132
2223 2227
1962 1963
1422 1424
2555 2557
45 47
1692 1693
1164 1165
2523 2524
876 878
1128 1328
595 599
1995 1996
1454 1492
1499 1500
366 367
2858 2859
277 289
3138 3142
3117 3119
1197 1198
909 911
1729 1733
2976 3000
3161 3162
2028 2029
2319 2321
1532 1533
2891 2892
3150 3152
2363 2364
1230 1231
381 382
2622 2624
2093 2094
1245 1247
1813 1817
432 433
144 146
1565 1566
1824 1826
735 736
465 466
2677 2681
1296 1297
2669 2677
2976 2977
1555 1557
2127 2128
167 171
1539 1549
1599 1600
178 180
2958 2959
750 751
2430 2431
1890 1892
1329 1330
1362 1364
2721 2723
1588 1590
801 802
513 515
3009 3010
2481 2482
2360 2372
1060 1062
783 784
1230 1244
1330 1331
255 256
790 792
1923 1925
1395 1397
2754 2756
1621 1623
1633 1634
1665 1666
433 527
2455 2465
867 868
2259 2261
3004 3052
1957 1959
900 901
2832 2833
1990 1992
2562 2563
1429 1430
901 902
2293 2295
1192 1194
2484 2500
3124 3126
2023 2025
1236 1237
8 132
2208 2336
934 935
1797 1798
1196 1200
136 137
3175 3176
2100 2101
1798 1799
1529 1611
1270 1271
2070 2078
2081 2087
1000 1001
151 152
184 186
1831 1832
1303 1304
202 203
734 738
1801 1809
1033 1034
2091 2173
2713 2714
1292 1294
2104 2112
2695 2696
302 326
487 488
1595 1597
2167 2168
1627 1629
1066 1067
465 469
937 953
1325 1327
538 539
1897 1898
2728 2729
1067 1068
2668 2684
1660 1662
1099 1100
2459 2461
571 572
1963 1965
1370 1371
3082 3083
3020 3022
2233 2234
1100 1101
2513 2517
3064 3065
32 34
2524 2526
604 605
1136 1140
3003 3055
35 39
1435 1436
302 303
14 16
2195 2207
1694 1696
2266 2267
1006 1030
1133 1134
3097 3098
856 862
335 336
3148 3149
940 941
638 639
350 352
2602 2603
2882 2886
1501 1502
80 82
900 904
401 403
1760 1762
973 974
2879 2880
404 408
1534 1535
1006 1007
1265 1267
2624 2626
2384 2385
1535 1536
995 997
106 112
1007 1008
2366 2367
2114 2115
1818 1824
1797 1801
2657 2659
1290 1296
136 140
1568 1569
1827 1829
1859 1861
191 192
1871 1872
770 771
2162 2164
2450 2451
2982 2986
2993 2995
2692 2738
2712 2716
464 472
771 772
803 804
2542 2570
3015 3019
3026 3028
1893 1895
1106 1107
2465 2466
2786 2787
264 266
836 837
2768 2769
2228 2230
308 309
1667 1668
2747 2795
1107 1108
6 7
538 542
2819 2820
1398 1400
530 538
2218 2222
1970 1971
570 574
3078 3080
2801 2802
1668 1669
21 23
1088 1094
341 342
1120 1126
3081 3085
1140 1141
2261 2263
39 40
2852 2853
870 871
582 584
3103 3109
342 343
1701 1702
2841 2843
633 635
2639 2745
1205 1206
776 800
87 89
1734 1735
626 632
666 668
1486 1490
1497 1499
969 971
2616 2617
1541 1542
327 335
408 409
1239 1240
1271 1272
2339 2345
1511 1519
2070 2071
743 744
2649 2650
441 442
2313 2323
432 622
700 702
1272 1273
2685 2689
1304 1305
2372 2378
1563 1565
2383 2387
1575 1576
1534 1538
474 475
2154 2155
777 778
1003 1004
2615 2629
2427 2429
2187 2188
1338 1339
810 811
2449 2453
1069 1071
1641 1642
1900 1902
12 13
271 273
2763 2765
2202 2203
1102 1104
1674 1675
1933 1935
13 14
1965 1967
45 46
1404 1405
844 845
1437 1439
876 877
2235 2236
1707 1708
574 575
2815 2817
3014 3026
1405 1406
1998 2000
2211 2293
3117 3118
909 910
2589 2590
607 608
2840 2846
2851 2855
3150 3151
529 545
548 558
2622 2623
2888 2922
1201 1203
640 641
920 924
1245 1246
112 113
1471 1472
1504 1506
943 944
1223 1227
326 338
673 674
2914 2916
706 708
2906 2912
932 934
2917 2921
2896 2898
976 977
1776 1784
1008 1009
2656 2657
1555 1556
1267 1269
2947 2949
739 741
178 179
1858 1859
1009 1010
469 471
2401 2403
1840 1841
1300 1302
2940 2946
764 770
1603 1605
1042 1043
1282 1290
1333 1335
2153 2157
212 213
244 245
2802 2868
1075 1076
1906 1907
806 808
3006 3012
1378 1379
245 246
277 278
809 813
2209 2210
1957 1958
580 581
1359 1365
1499 1525
3047 3049
839 841
1411 1412
278 279
2789 2790
2249 2251
581 582
2293 2294
44 48
311 312
3064 3074
1931 1941
3124 3125
2751 2763
594 600
2822 2823
2326 2327
1477 1478
344 345
435 463
1175 1176
647 648
107 109
679 680
3146 3148
2359 2360
1145 1153
377 378
2618 2620
2801 3001
2057 2058
982 983
2589 2593
1208 1209
2888 2889
2600 2602
680 681
140 142
2348 2350
712 713
2360 2361
1511 1512
184 185
1791 1795
2643 2649
669 671
1462 1476
1274 1276
1562 1563
339 387
713 714
2393 2394
2105 2107
3145 3161
622 712
1835 1837
1595 1596
174 176
746 747
2138 2140
1577 1578
2987 2988
779 780
191 201
2459 2460
1038 1040
510 512
1882 1890
542 544
1561 1575
3020 3021
240 242
284 285
1115 1116
14 15
1946 1947
2414 2430
1406 1408
845 846
3086 3088
1676 1677
846 847
2526 2527
2558 2559
1137 1139
350 351
2817 2819
1989 1993
816 824
609 611
1181 1182
48 49
2289 2291
80 81
328 332
800 816
2861 2862
1440 1442
3120 3122
1119 1127
2559 2560
1159 1163
830 844
2063 2064
912 913
3153 3155
2532 2542
2052 2054
384 385
2624 2625
2883 2885
1506 1508
2347 2353
2657 2658
449 450
2097 2098
676 678
147 148
2928 2929
180 182
1827 1828
450 451
2130 2131
709 711
2961 2962
2421 2423
2993 2994
1572 1574
1044 1046
1332 1333
483 484
2931 2939
3026 3027
1893 1894
1365 1366
2724 2725
516 517
2983 2985
2196 2197
2642 2692
214 215
1078 1080
1398 1399
1110 1112
549 550
3016 3018
21 22
3060 3061
1639 1641
852 853
280 282
2758 2759
582 583
2823 2825
1690 1692
2230 2231
2868 2976
841 843
1727 1839
313 315
1960 1961
885 886
1351 1359
2791 2792
615 616
87 88
1767 1768
3126 3127
1993 1994
1465 1466
2217 2233
3104 3108
616 617
2296 2297
1915 1931
368 372
120 121
899 905
1195 1196
1738 1740
2558 2562
58 66
2631 2632
77 79
2277 2283
98 102
1417 1425
42 58
2329 2330
121 122
2361 2362
700 701
1232 1236
1531 1532
2362 2363
2394 2395
413 415
985 986
733 734
2605 2615
2812 2828
445 447
105 119
2697 2698
1276 1278
715 716
748 750
2107 2109
1775 1785
187 188
2395 2396
2654 2656
1826 1830
2686 2688
1018 1019
478 480
2698 2699
449 453
2978 2982
1309 1311
1069 1070
1612 1614
1900 1901
2652 2668
1051 1052
2159 2161
2763 2764
1342 1344
1102 1103
1933 1934
1332 1336
2192 2194
1663 1664
3023 3025
2462 2463
3055 3057
1387 1388
545 547
1365 1369
577 579
17 19
2797 2798
3077 3081
2495 2496
1700 1704
319 320
1967 1968
1697 1698
622 623
289 297
2528 2529
320 321
600 604
2593 2595
1504 1505
1730 1731
3122 3124
914 916
353 354
2033 2034
1493 1495
932 933
644 646
2864 2865
1416 1428
116 118
2896 2897
1763 1764
947 949
1767 1771
2066 2067
2098 2099
637 643
689 690
437 438
120 124
2401 2402
419 420
2099 2100
722 723
2962 2963
2549 2565
2382 2388
1013 1015
2132 2133
1283 1284
2963 2964
215 217
2394 2398
1046 1048
518 520
806 807
1585 1591
2424 2426
1637 1638
2996 2997
1068 1072
2468 2469
1928 1930
2166 2167
839 840
551 553
2457 2459
249 251
3029 3030
821 822
2781 2785
2760 2762
1932 1936
2752 2758
2199 2200
2534 2535
1401 1402
326 327
585 587
832 836
1692 1694
24 25
304 308
1704 1705
1736 1737
2695 2717
1995 1997
2567 2568
1434 1435
906 907
2265 2266
2858 2860
1470 1474
1737 1738
1197 1199
2508 2518
3161 3163
2028 2030
1200 1204
27 35
1467 1468
2600 2601
11 27
939 940
2298 2299
1718 1724
90 91
2903 2904
1802 1803
669 670
381 383
1500 1501
1212 1214
2105 2106
684 686
3091 3103
2936 2937
1803 1804
1515 1517
2590 2592
1835 1836
2634 2635
174 175
1085 1115
1005 1006
2138 2139
762 870
415 417
2119 2125
2939 2947
2958 2960
1038 1039
750 752
437 441
2430 2432
510 511
1869 1870
2128 2130
2308 2326
1341 1342
2080 2090
492 493
1600 1602
2131 2135
783 785
3003 3004
222 223
1311 1319
1902 1903
481 483
1374 1375
2733 2734
1633 1635
3036 3037
2456 2462
1903 1904
2766 2767
558 559
1137 1138
2497 2499
2696 2708
1936 1937
1440 1441
3120 3121
831 839
63 64
343 347
2562 2564
1429 1431
2001 2002
901 903
52 54
1171 1172
376 380
643 644
2002 2003
355 357
934 936
1506 1507
1133 1145
3113 3117
905 909
2305 2306
2337 2338
2585 2589
676 677
1455 1461
1539 1540
1086 1106
2338 2339
1798 1800
1790 1796
709 710
2327 2329
1540 1541
2899 2900
1432 1450
1831 1833
1802 1806
2950 2951
152 154
3172 3180
2965 2967
196 197
2983 2984
775 776
2354 2404
2455 2456
2167 2169
247 248
166 174
1606 1607
757 758
177 183
1078 1079
2437 2438
229 230
2717 2721
509 513
3016 3017
207 211
280 281
1639 1640
218 220
1898 1900
1337 1338
262 263
2749 2789
1370 1372
2729 2731
841 842
2773 2774
1100 1102
2503 2504
1975 1976
874 875
2806 2807
1705 1706
3097 3099
1177 1178
2857 2858
7 243
608 612
3001 3131
875 876
2795 2797
2267 2269
1439 1443
347 348
1706 1707
1638 1652
1738 1739
1178 1179
638 640
77 78
2009 2010
1855 1915
2602 2604
2872 2873
92 94
380 381
3152 3156
1170 1174
2022 2028
2042 2043
653 655
2333 2335
413 414
1772 1773
3164 3166
2031 2033
1244 1245
1276 1277
143 144
2075 2076
1535 1537
2355 2359
2107 2108
686 688
2694 2728
2326 2332
2366 2368
2654 2655
2064 2066
2037 2049
2056 2062
2388 2392
567 593
1612 1613
1218 1228
2159 2160
9 73
2702 2704
1569 1571
2141 2142
771 773
3023 3024
2174 2175
1041 1042
2433 2435
3005 3006
2753 2754
2465 2467
545 546
17 18
1376 1377
434 486
1107 1109
279 283
1938 1940
2510 2511
1377 1378
1970 1972
1409 1410
3089 3090
1668 1670
2240 2241
2488 2492
1140 1142
312 316
291 293
3071 3072
2543 2544
1410 1411
3122 3123
1701 1703
914 915
1664 1672
612 613
2004 2006
2576 2577
84 85
2 1852
1734 1736
947 948
2554 2558
2565 2567
244 302
1177 1181
2265 2275
1376 1390
76 80
2857 2861
1756 1760
3156 3157
408 410
1779 1780
3137 3143
150 151
1768 1770
2340 2341
1013 1014
1240 1242
1272 1274
2092 2096
2063 2069
183 184
1542 1543
2923 2927
1575 1577
1853 2079
2373 2374
165 166
2694 2695
143 147
2424 2425
135 143
1896 1897
2967 2969
198 199
1338 1340
2158 2162
810 812
2457 2458
249 250
2760 2761
1911 1912
1331 1337
778 779
2170 2172
2202 2204
1081 1082
585 586
3044 3050
1416 1417
2775 2776
1642 1643
2247 2248
1707 1709
574 576
1146 1147
2753 2757
2236 2238
316 317
1896 1910
1147 1148
2539 2541
651 652
2010 2011
2313 2314
640 642
1212 1213
652 653
2892 2893
1471 1473
684 685
2043 2044
83 87
1483 1484
943 945
2590 2591
1515 1516
75 83
1766 1772
673 675
1452 1496
2893 2894
2044 2045
1464 1470
2276 2288
127 129
415 416
1005 1041
718 719
1637 1663
977 979
1549 1550
448 449
1840 1842
2128 2129
1279 1280
1600 1601
2671 2673
1010 1012
1042 1044
481 482
713 725
1312 1313
872 898
183 187
2423 2427
2176 2178
1615 1616
1075 1077
3007 3009
2446 2447
1906 1908
817 818
2497 2498
248 252
2127 2141
1411 1413
3058 3059
818 819
1681 1682
1308 1320
548 549
2789 2791
1153 1154
20 21
1379 1380
52 53
3059 3060
3091 3092
2336 2436
2442 2454
355 356
1714 1715
3013 3029
1652 1660
3092 3093
2210 2296
344 346
1676 1688
2596 2597
388 389
647 649
2006 2008
1219 1220
1478 1480
917 918
377 379
2597 2598
389 390
528 548
1220 1221
2327 2328
2039 2041
119 120
2932 2933
3158 3159
950 951
1503 1509
2630 2631
1209 1211
422 423
2050 2056
2342 2344
681 683
1451 1727
1253 1254
2072 2074
2580 2630
152 153
2892 2896
2965 2966
983 984
2375 2377
2663 2664
1814 1815
74 90
1960 2018
953 961
1129 1303
1016 1017
1296 1300
2696 2697
488 489
1847 1848
2079 2091
2098 2104
1599 1603
218 219
1578 1580
1898 1899
1049 1050
2729 2730
1880 1881
2961 2973
2201 2202
780 782
1352 1353
3032 3033
1931 1932
255 259
522 523
473 481
2234 2235
813 815
1385 1386
252 253
1625 1633
3065 3066
1644 1646
503 509
555 556
2795 2796
2175 2185
3035 3043
2267 2268
846 848
59 60
1418 1419
285 286
2526 2528
3005 3051
890 891
1116 1117
1149 1151
588 589
2828 2829
48 50
2300 2301
92 93
1451 1452
2832 2836
2559 2561
3131 3132
1710 1712
2750 2766
1182 1184
2829 2830
1754 1755
653 654
2301 2302
2233 2247
2013 2015
2333 2334
3132 3133
384 386
2031 2032
3164 3165
1215 1217
2862 2863
686 687
158 159
2064 2065
2596 2600
2669 2670
2928 2930
147 149
159 160
450 452
1809 1811
2702 2703
1569 1570
720 721
979 981
151 155
2932 2936
192 193
1551 1552
1023 1024
690 698
483 485
1303 1307
1510 1520
3012 3044
1033 1037
2145 2147
2986 2992
225 226
1584 1585
2433 2434
2684 2690
1056 1057
2724 2726
1315 1317
487 491
786 787
1007 1021
1617 1618
1938 1939
1089 1090
2728 2732
2769 2770
1348 1350
228 236
1340 1346
2995 2996
852 854
259 260
291 292
2758 2760
2230 2232
2802 2803
2222 2228
1953 1954
2201 2205
3061 3063
2500 2501
2532 2533
2791 2793
2004 2005
627 628
3094 3096
246 262
2266 2270
3126 3128
1993 1995
1453 1493
2533 2534
2565 2566
1465 1467
2037 2038
1916 1928
616 618
55 56
2296 2298
2868 2869
886 887
59 63
358 359
390 391
2038 2039
2869 2870
2828 2832
2329 2331
121 123
1480 1482
1768 1769
2300 2304
1240 1241
391 392
2071 2072
2850 2856
1801 1802
2406 2407
985 987
2632 2633
664 672
2104 2105
1255 1256
715 717
155 157
2395 2397
727 728
187 189
2967 2968
1254 1260
1834 1835
158 162
2439 2440
1018 1020
2665 2666
457 458
2924 2926
1849 1851
1568 1572
1051 1053
1871 1875
770 774
2890 2906
2170 2171
3001 3002
793 794
2699 2700
4 1128
523 524
1354 1355
2462 2464
1675 1676
1387 1389
826 827
1106 1110
1657 1658
2797 2799
2236 2237
28 29
2495 2497
1667 1671
3067 3068
1967 1969
2539 2540
2337 2405
1697 1699
29 30
2528 2530
320 322
3100 3101
2018 2050
590 591
190 212
2270 2271
1730 1732
1742 1743
2033 2035
2605 2606
1184 1186
397 398
623 624
2864 2866
656 658
2015 2017
1763 1765
95 96
855 867
874 880
1675 1689
1775 1776
127 128
367 375
1487 1489
2606 2607
2066 2068
243 339
977 978
2336 2337
1541 1545
1520 1522
3167 3168
419 421
1239 1243
2639 2640
1231 1239
2671 2672
390 394
1250 1252
2062 2070
1010 1011
2922 2928
722 724
2369 2370
441 445
1733 1751
992 993
412 418
2132 2134
464 465
1283 1285
2963 2965
2176 2177
474 478
1586 1588
453 455
2406 2410
2661 2663
3007 3008
2705 2706
497 498
1636 1674
2996 2998
1796 1812
1834 1838
1058 1059
2738 2739
530 531
821 823
1091 1092
2199 2201
563 564
3030 3032
2469 2470
1394 1395
3074 3075
1941 1942
1401 1403
2534 2536
1973 1974
13 17
1445 1446
2804 2805
24 26
596 597
2276 2277
2235 2239
294 295
1974 1975
2567 2569
2006 2007
2437 2639
1405 1409
906 908
1478 1479
2837 2838
2309 2310
1176 1177
327 328
1087 1099
1467 1469
2039 2040
2258 2264
2298 2300
2870 2871
2903 2905
2310 2311
2342 2343
921 923
134 135
1209 1210
3173 3174
681 682
2072 2073
112 116
1224 1226
2871 2872
1512 1513
411 412
2936 2938
1803 1805
2375 2376
2634 2636
1973 1987
714 715
1785 1787
625 637
0 2800
1545 1546
124 126
1257 1259
2656 2660
2874 2882
747 748
1578 1579
1009 1013
201 202
2441 2442
1308 1309
780 781
2398 2400
1611 1612
762 763
222 224
2442 2443
493 495
1065 1066
813 814
411 425
1644 1645
795 796
1903 1905
267 268
2734 2736
2766 2768
2173 2174
1378 1382
1677 1678
256 258
1936 1938
1149 1150
2508 2509
1375 1376
1626 1632
2811 2812
1678 1679
63 65
5 761
1710 1711
1182 1183
581 585
2013 2014
880 881
2272 2274
1611 1625
1171 1173
303 311
1743 1744
2542 2543
2002 2004
1215 1216
2822 2826
2574 2575
2814 2822
1946 1960
133 165
2833 2835
913 914
1445 1449
2305 2307
1744 1745
1164 1170
1776 1777
3002 3058
2575 2576
2079 2080
946 947
418 419
1777 1778
2057 2061
1868 1896
1809 1810
1208 1212
2608 2609
961 963
2640 2641
680 684
2080 2081
979 980
2943 2944
1522 1524
1282 1283
2641 2642
433 434
2113 2114
2145 2146
196 198
1843 1844
1315 1316
2674 2675
1027 1029
714 718
466 467
2178 2179
757 759
1577 1581
623 679
2977 2978
517 518
1876 1877
388 404
2135 2137
1348 1349
499 500
2987 2991
1607 1609
779 783
2179 2180
3090 3120
230 232
802 803
550 551
2581 2605
527 567
532 533
3061 3062
2212 2213
4 5
2471 2473
284 288
1910 1911
1115 1119
1975 1977
1382 1383
2174 2186
132 190
3094 3095
845 849
824 826
1112 1113
2485 2493
2504 2506
1943 1944
1307 1325
347 349
2278 2279
1145 1146
70 71
1677 1681
1178 1180
2537 2539
3109 3110
329 331
2581 2582
1480 1481
2279 2280
569 577
650 651
1772 1774
1063 1085
1743 1747
2075 2077
1207 1215
155 156
1514 1515
698 700
2345 2346
137 138
1817 1818
2924 2925
1849 1850
927 937
1806 1808
938 946
2378 2379
418 422
1882 1883
2109 2111
2681 2682
221 222
2019 2037
2411 2412
650 664
1883 1884
2142 2144
165 177
1872 1874
1085 1086
236 237
1916 1917
214 218
1614 1615
2747 2748
539 540
1086 1087
1857 1867
517 521
2510 2512
1949 1950
816 817
387 411
1647 1648
3060 3064
1099 1105
1119 1120
3071 3073
2531 2571
550 554
1982 1983
849 850
2241 2243
2813 2814
612 614
1184 1185
51 52
84 86
2576 2578
615 619
656 657
882 883
2015 2016
1487 1488
354 355
1713 1714
2846 2847
3105 3107
2318 2319
2096 2126
568 580
3156 3158
1520 1521
387 388
99 101
930 932
1218 1219
1250 1251
2849 2857
2081 2082
2340 2342
2931 2932
2082 2083
1542 1544
2362 2366
1674 1700
2373 2375
2661 2662
453 454
1586 1587
435 436
756 757
486 487
198 200
2418 2419
2698 2702
689 703
2709 2711
2148 2149
2407 2409
2979 2980
1911 1913
3030 3031
2181 2182
221 225
1081 1083
213 221
1653 1654
3012 3013
2484 2485
1351 1352
2775 2777
1642 1644
855 856
2214 2215
2473 2475
3045 3046
2804 2840
777 793
856 857
3096 3097
316 318
1147 1149
319 323
1719 1720
298 300
58 59
1417 1418
2010 2012
2550 2551
1689 1697
921 922
1720 1721
1752 1753
619 620
1224 1225
91 92
1530 1560
1483 1485
1528 1636
954 955
2314 2316
1753 1754
1785 1786
2893 2895
51 55
2044 2046
1257 1258
43 51
124 125
1704 1718
955 956
1818 1819
718 720
1290 1291
2908 2910
2616 2622
988 989
2668 2669
1247 1249
460 461
1819 1820
1279 1281
2099 2103
1291 1292
2398 2399
190 191
2122 2123
1870 1871
2941 2943
1021 1022
1752 1766
493 494
1852 1853
1253 1265
1615 1617
1054 1055
2734 2735
1313 1315
2653 2661
2446 2448
1004 1054
2157 2165
3144 3164
256 257
2188 2189
1087 1088
1346 1348
559 560
2166 2170
1918 1919
818 820
1390 1391
2749 2750
289 290
1649 1651
1641 1647
1088 1089
1120 1121
560 561
2800 2801
1379 1381
2272 2273
290 291
2782 2783
3103 3104
1682 1684
1714 1716
1121 1122
593 594
2212 2258
2833 2834
625 626
212 228
3092 3094
1456 1457
323 324
3136 3137
1154 1155
2546 2548
626 627
1457 1458
917 919
1737 1741
3096 3100
2597 2599
1748 1750
961 962
1187 1188
1220 1222
1792 1793
659 660
1446 1448
939 943
2339 2340
691 692
3158 3160
950 952
1522 1523
422 424
2612 2614
2900 2901
692 693
2372 2373
2651 2691
2663 2665
954 958
1814 1816
1027 1028
2933 2934
725 726
965 973
2405 2406
870 964
1016 1018
976 982
488 490
1847 1849
2135 2136
1607 1608
2678 2680
2438 2439
230 231
456 457
1049 1051
982 998
1880 1882
1341 1345
1320 1322
492 496
3058 3086
3032 3034
2471 2472
263 264
1902 1906
1094 1095
2733 2737
1925 1926
1385 1387
252 254
824 825
2504 2505
3036 3040
555 557
2486 2487
1614 1624
285 287
857 858
297 298
2537 2538
1116 1118
329 330
890 892
588 590
1947 1949
1160 1161
27 28
2840 2841
1419 1421
3066 3067
858 859
278 284
1337 1351
2829 2831
1754 1756
60 61
2301 2303
2873 2874
3132 3134
2283 2285
2571 2572
363 364
643 647
1962 1970
1134 1144
2862 2864
2906 2907
698 699
1477 1483
924 925
2523 2531
1529 1530
2316 2318
2907 2908
2939 2940
159 161
1806 1807
429 430
1788 1789
1821 1823
2109 2110
1260 1261
720 722
2940 2941
2899 2903
691 695
2891 2899
1839 1840
764 765
1551 1553
1311 1312
2670 2671
2142 2143
1562 1568
2873 2887
2973 2974
225 227
1872 1873
1056 1058
2175 2176
754 756
1887 1889
193 194
1606 1610
3006 3007
2718 2720
1598 1606
2157 2158
229 233
1629 1630
2097 2113
1089 1091
528 529
2208 2209
787 789
0 1
1359 1360
259 261
1618 1620
831 832
2190 2191
529 530
801 809
2241 2242
2439 2523
1953 1955
3040 3041
2500 2502
864 865
2223 2224
2503 2507
1123 1125
2770 2771
594 595
66 67
2806 2810
1425 1426
3105 3106
1156 1158
2803 2804
1728 1729
595 596
55 57
875 879
67 68
2307 2308
99 100
1706 1710
898 899
3138 3139
358 360
930 931
1189 1191
2009 2013
1181 1187
628 629
2308 2309
887 889
2861 2867
132 133
380 384
3139 3140
391 393
2643 2644
1510 1511
661 662
133 134
1753 1763
1813 1814
3172 3173
2632 2634
964 965
2644 2645
1255 1257
166 167
1525 1526
425 427
2665 2667
457 459
2677 2678
2389 2391
2709 2710
2407 2408
1879 1880
1030 1031
2969 2971
2141 2145
793 795
2440 2441
1839 1843
1132 1164
2699 2701
1063 1064
523 525
1322 1324
535 536
1354 1356
1366 1367
233 234
826 828
2473 2474
1657 1659
1856 1868
1096 1097
516 522
568 569
3067 3069
2178 2184
298 299
1978 1979
1129 1130
549 555
29 31
601 602
2240 2244
1067 1075
3100 3102
1432 1433
1879 1893
1979 1980
590 592
1410 1414
2270 2272
3089 3129
2314 2315
893 895
332 333
3145 3146
1724 1726
2843 2844
95 97
2875 2876
2640 2744
66 70
2347 2348
2285 2287
2606 2608
1757 1759
1196 1197
2876 2877
2768 2786
2908 2909
1247 1248
1779 1783
398 399
2631 2637
1229 1230
129 131
2369 2371
2941 2942
3168 3170
992 994
1262 1263
162 164
734 735
2414 2415
2693 2733
1313 1314
2705 2707
497 499
767 768
1598 1599
1058 1060
1346 1347
2738 2740
1649 1650
800 801
1091 1093
563 565
2210 2211
2 3
2469 2471
1682 1683
833 834
3074 3076
1941 1943
2513 2514
305 306
1664 1665
2211 2212
1136 1137
3 4
763 775
596 598
35 36
294 296
2514 2515
2546 2547
1496 1528
2837 2839
36 37
2244 2245
3136 3172
1748 1749
899 900
486 502
1446 1447
1978 1982
2051 2052
2277 2278
2310 2312
2882 2883
2580 2581
372 373
2612 2613
652 656
404 405
1512 1514
2043 2047
102 103
342 350
361 363
405 406
1545 1547
984 985
135 136
2875 2879
394 396
966 967
2646 2647
438 439
2678 2679
168 169
427 429
1320 1321
1271 1279
1863 1865
1788 1834
2982 2983
1353 1354
2712 2713
504 505
1330 1370
463 473
2443 2445
3015 3016
267 269
2745 2746
817 821
2217 2218
796 798
9 10
2476 2478
1915 1916
1947 1948
2187 2195
1419 1420
2778 2779
570 571
2218 2219
1678 1680
3037 3039
3029 3035
42 43
1681 1685
3081 3082
873 874
20 24
880 882
12 20
1452 1453
2283 2284
862 864
75 76
3114 3115
1453 1454
2812 2813
1165 1167
1485 1486
844 852
1064 1084
1744 1746
2316 2317
1736 1742
895 897
1219 1223
1486 1487
637 638
1777 1779
2803 2849
109 110
928 930
1821 1822
3180 3181
607 615
2652 2653
2051 2055
2943 2945
2350 2351
2382 2383
2609 2611
1854 1855
2685 2686
703 704
1463 1475
2383 2384
2415 2416
2674 2676
1887 1888
754 755
466 468
2718 2719
1585 1586
1297 1299
984 988
1844 1846
2416 2417
1876 1878
1008 1016
208 209
499 501
787 788
2179 2181
2338 2354
1618 1619
1858 1866
2449 2450
1921 1922
1072 1073
532 534
2752 2753
1870 1876
1123 1124
2482 2483
274 275
522 526
1382 1384
2741 2743
73 105
1353 1357
1652 1653
1751 1775
1584 1598
1112 1114
1943 1945
1156 1157
2641 2741
1955 1956
1987 1988
5 6
1418 1422
1685 1686
70 72
1003 1063
1189 1190
1852 2208
340 341
1988 1989
580 588
2020 2021
887 888
2807 2809
2279 2281
2851 2852
1718 1719
3131 3135
3110 3112
2549 2550
2021 2022
920 921
311 319
1751 1752
2870 2950
1223 1224
2582 2583
953 954
2345 2347
425 426
2917 2918
137 139
2389 2390
2615 2616
1987 2001
2087 2088
2119 2120
366 376
2918 2919
2378 2380
1591 1592
2681 2683
2969 2970
2120 2121
2872 2888
2152 2153
192 196
171 173
2951 2952
2411 2413
491 492
1023 1027
1034 1036
1322 1323
473 474
3002 3003
1581 1583
2153 2154
2393 2401
1625 1626
204 206
776 777
1884 1886
2456 2457
506 507
3035 3036
746 754
786 790
765 767
539 541
1617 1621
237 239
809 810
436 448
2489 2490
2769 2773
2995 2999
2307 2333
1647 1649
2219 2220
11 12
2478 2480
1950 1952
849 851
2152 2166
893 894
2252 2253
44 45
1724 1725
1983 1985
761 1003
2555 2556
1422 1423
882 884
1454 1455
627 631
2846 2848
2533 2537
2285 2286
2544 2546
1757 1758
624 625
1455 1456
6 432
1167 1169
927 928
886 890
1790 1791
2038 2042
369 371
129 130
1228 1270
3168 3169
2319 2320
1791 1792
2209 2305
2071 2075
690 691
2042 2048
162 163
1233 1235
2126 2127
912 920
1780 1782
144 145
2584 2596
1244 1250
1824 1825
1856 1857
2083 2085
1328 1329
727 731
177 178
2418 2420
1285 1287
1857 1858
2116 2118
2148 2150
228 229
2979 2981
1591 1595
531 532
1890 1891
2130 2138
1362 1363
2721 2722
1588 1589
513 514
2181 2183
1060 1061
243 244
10 42
1923 1924
1 2437
790 791
1395 1396
2754 2755
1621 1622
2381 2393
2214 2216
1654 1656
3045 3047
2871 2931
2805 2806
2800 3136
28 32
1854 1946
2259 2260
2518 2520
3090 3091
1989 1990
1409 1415
3088 3130
1461 1462
1560 1584
328 329
1720 1722
1159 1160
619 621
2551 2553
2543 2549
1990 1991
2022 2023
1462 1463
361 362
3174 3175
885 893
1192 1193
397 401
1130 1218
664 665
2023 2024
955 957
394 395
2056 2057
1528 1529
988 990
1560 1561
427 428
3167 3171
460 462
1819 1821
1032 1033
1863 1864
442 444
2410 2411
2122 2124
1561 1562
1021 1023
2361 2369
2953 2955
1531 1539
763 764
475 477
2869 2961
2443 2444
1054 1056
1292 1293
2697 2705
3004 3005
796 797
2188 2190
2476 2477
1627 1628
1918 1920
1325 1326
3037 3038
829 830
2509 2510
1660 1661
527 528
560 562
3052 3054
1132 1133
531 535
1391 1393
1963 1964
830 831
2782 2784
862 863
1394 1398
1121 1123
1165 1166
32 33
2524 2525
323 325
895 896
2255 2257
1135 1143
1694 1695
1154 1156
367 368
1974 1978
1146 1152
2173 2187
1457 1459
3104 3105
2309 2313
928 929
368 369
1727 1728
1988 1998
1187 1189
1792 1794
659 661
1231 1232
98 99
3137 3138
2062 2063
2609 2610
113 115
1760 1761
2021 2031
401 402
2900 2902
1232 1233
692 694
2642 2643
353 361
434 435
2440 2508
3174 3178
2933 2935
1265 1266
725 727
1297 1298
2096 2097
1844 1845
995 996
1826 1827
2147 2148
2978 2979
1557 1559
1549 1555
2708 2709
1287 1289
1859 1860
1331 1332
2410 2414
2162 2163
2441 2481
1094 1096
2741 2742
1312 1318
2213 2214
1925 1927
3044 3045
3143 3167
795 799
2195 2196
2486 2488
2774 2775
264 265
3077 3078
2228 2229
2468 2476
1700 1701
567 568
1160 1162
2807 2808
2531 2532
858 860
3078 3079
3110 3111
2509 2513
2261 2262
2520 2522
1733 1734
600 601
1153 1159
60 62
632 633
1463 1464
2571 2573
3143 3144
363 365
2841 2842
1766 1767
633 634
913 917
665 666
2025 2027
105 106
2438 2574
1464 1465
924 926
1496 1497
3144 3145
968 969
2575 2579
2874 2875
2586 2588
666 667
946 950
2058 2060
2405 2433
1497 1498
969 970
429 431
2608 2612
1260 1262
958 960
171 172
1530 1531
90 98
1034 1035
1581 1582
732 733
2973 2975
204 205
964 976
1563 1564
1843 1847
2955 2957
1884 1885
193 195
765 766
2445 2446
1024 1026
237 238
1817 1831
1917 1918
1175 1195
2988 2990
1068 1069
2427 2428
1629 1631
2748 2749
2147 2151
2190 2192
2478 2479
270 271
802 806
1950 1951
340 366
2708 2712
2781 2782
1360 1362
2493 2495
712 732
1932 1933
3040 3042
1352 1358
271 272
864 866
303 304
1910 1914
2770 2772
1983 1984
1134 1135
1 2
2814 2815
2234 2240
732 746
2213 2217
832 833
1965 1966
1425 1427
3065 3071
1437 1438
304 305
2544 2545
2224 2226
1135 1136
1167 1168
2774 2778
2815 2816
67 69
558 566
1998 1999
2278 2282
1470 1471
3109 3113
369 370
775 829
628 630
1200 1201
672 673
3139 3141
1503 1504
2050 2051
1961 1973
2001 2009
661 663
1233 1234
1201 1202
2813 2827
2481 2503
2913 2914
1780 1781
705 706
632 636
1433 1445
2264 2276
2323 2325
2644 2646
2083 2084
1514 1518
2914 2915
2626 2628
665 669
706 707
1485 1491
738 739
1525 1527
1285 1286
2356 2358
436 437
968 972
2116 2117
695 697
1267 1268
679 689
2947 2948
739 740
998 1000
1030 1032
469 470
1861 1863
728 730
2020 2036
1300 1301
1540 1548
2131 2132
1603 1604
1883 1887
502 503
2950 2958
535 537
1333 1334
1366 1368
3013 3014
1654 1655
1592 1594
233 235
2485 2486
2197 2199
236 240
1636 1637
1096 1098
2415 2421
503 504
7 8
