966 988
838 839
1097 1099
1669 1670
816 820
8 9
601 603
871 872
569 570
1162 1164
1174 1175
820 826
73 74
872 873
332 334
904 905
1491 1525
376 377
882 886
861 863
1207 1208
905 906
409 410
668 670
107 108
442 443
672 676
1820 1821
399 401
1532 1534
971 972
383 393
1550 1551
475 476
1274 1275
1022 1023
1554 1558
1565 1567
1772 1780
1004 1005
476 477
1307 1308
767 769
206 207
446 454
1037 1038
509 510
1340 1341
207 208
800 802
1526 1580
1103 1105
240 241
1424 1425
494 502
1406 1407
273 274
1025 1041
1384 1388
36 38
1241 1339
608 609
306 307
911 912
609 610
889 893
881 889
180 204
339 340
1731 1733
944 945
1170 1171
1491 1492
1782 1784
1742 1748
1221 1222
584 638
1254 1255
726 727
1797 1799
117 125
1476 1484
977 983
1269 1271
708 709
180 181
999 1001
460 464
439 441
1011 1012
471 473
1302 1304
169 171
1044 1045
464 470
1042 1084
1623 1624
1494 1510
526 530
1656 1657
807 808
1128 1129
279 280
570 572
312 313
10 11
290 294
1690 1691
1402 1404
234 250
313 314
345 346
593 597
604 606
1652 1664
43 44
1723 1724
1435 1437
925 926
76 77
907 908
1228 1229
1670 1690
142 144
1261 1262
991 992
1294 1295
725 729
737 739
1360 1361
1342 1343
814 815
544 545
784 792
1696 1697
1795 1819
1615 1623
847 848
610 612
836 838
49 50
1729 1730
1427 1428
1718 1720
50 51
1709 1751
1190 1192
1762 1763
492 512
1460 1461
39 41
1751 1753
83 84
1795 1796
662 663
1493 1494
644 645
924 928
965 966
1796 1797
695 696
86 94
1526 1527
70 86
149 150
928 934
429 433
1260 1264
200 201
1559 1560
1271 1273
743 745
1031 1032
182 183
1574 1576
761 762
485 486
1064 1065
215 216
495 499
1046 1047
506 508
813 845
1658 1660
2 1240
1097 1098
989 1007
1079 1080
551 552
218 226
1197 1221
868 902
1559 1573
1433 1434
584 585
1131 1132
1695 1699
861 862
920 948
573 575
45 47
897 901
1164 1165
277 289
1758 1760
1197 1198
909 911
1532 1533
111 113
399 400
942 944
1441 1451
1521 1523
1565 1566
1813 1817
1495 1507
1278 1280
465 466
177 179
1555 1557
199 203
191 199
1329 1330
1632 1633
1330 1331
1034 1040
1395 1397
834 835
244 246
1363 1364
835 836
867 868
1133 1167
266 270
1666 1667
1126 1128
1089 1097
868 869
580 582
1612 1632
1159 1161
1731 1732
631 633
1490 1526
103 104
8 132
667 671
646 648
1765 1766
1797 1798
697 699
1269 1270
136 137
1707 1761
967 968
118 119
439 440
1417 1433
9 69
1302 1303
169 170
1251 1257
1562 1564
1594 1596
1292 1294
505 506
1131 1197
1336 1337
235 236
1627 1629
1767 1789
465 469
1325 1327
538 539
797 799
520 521
1067 1068
527 529
1370 1371
830 832
1402 1403
1661 1663
1100 1101
305 309
32 34
604 605
663 691
35 39
1435 1436
14 16
302 303
1133 1134
338 342
1405 1413
335 336
567 579
546 556
1771 1772
638 639
350 352
1469 1470
80 82
372 376
1804 1805
1502 1503
1265 1267
103 107
1535 1536
995 997
1567 1568
1007 1008
438 442
737 738
136 140
276 300
1568 1569
191 192
1299 1301
770 771
1530 1542
1029 1031
1073 1074
1364 1366
771 772
1062 1064
505 509
836 837
276 277
1667 1668
6 7
538 542
1430 1432
309 310
1668 1669
21 23
873 877
1733 1735
1140 1141
758 810
39 40
870 871
342 343
1701 1702
1205 1206
72 73
1424 1430
903 904
1183 1187
936 938
1206 1207
1799 1801
1497 1499
1271 1272
743 744
622 634
1574 1575
153 155
700 702
1223 1237
1035 1037
733 735
1305 1306
777 778
696 704
1567 1571
1597 1599
810 811
869 897
1069 1071
1641 1642
1101 1103
12 13
1371 1372
762 770
1674 1675
573 574
13 14
832 834
45 46
1655 1661
661 723
1707 1708
1405 1406
877 878
909 910
1168 1170
1740 1741
319 321
79 80
942 943
1182 1190
1340 1398
1773 1774
640 641
1245 1246
1504 1506
1234 1236
447 448
673 674
1278 1279
145 146
1537 1539
1008 1009
1555 1556
1259 1265
739 741
1009 1010
148 156
211 212
1042 1043
514 515
1333 1335
773 775
1345 1346
805 807
212 213
244 245
1604 1606
776 780
503 505
547 548
838 840
277 278
1637 1639
1108 1109
867 903
580 581
1367 1369
278 279
613 614
44 48
1444 1445
1703 1705
1142 1143
1207 1209
614 615
646 647
905 907
1477 1478
1175 1176
1455 1459
107 109
1794 1828
1399 1415
377 378
680 681
712 713
1511 1512
410 411
1510 1516
1241 1242
1562 1563
713 714
972 974
1004 1006
447 451
1307 1309
174 176
746 747
231 301
1037 1039
1577 1578
509 511
1242 1328
207 209
251 252
1610 1611
477 478
1768 1788
1661 1662
240 242
1071 1073
243 247
402 420
1115 1116
14 15
1374 1376
1406 1408
273 275
845 846
317 318
1676 1677
576 578
306 308
911 913
318 319
350 351
1709 1710
80 81
339 341
944 946
1170 1172
383 384
1761 1762
384 385
523 543
1136 1152
114 115
1794 1795
373 375
417 418
676 678
708 710
406 408
978 979
1011 1013
1299 1300
1237 1239
1250 1258
1281 1282
205 211
483 484
922 940
181 182
516 517
7 231
1347 1348
807 809
247 249
279 281
21 22
1639 1641
1683 1684
841 843
1341 1395
313 315
583 584
874 876
87 88
1767 1768
1177 1179
1465 1466
616 617
76 78
88 89
907 909
1199 1203
649 650
929 933
153 154
380 382
700 701
1531 1532
682 683
985 986
733 734
1564 1565
135 141
1135 1159
974 976
1018 1019
1597 1598
1069 1070
220 221
1819 1827
479 481
1051 1052
253 254
512 514
1084 1085
556 557
286 287
17 19
355 423
319 320
1427 1429
50 52
622 623
289 297
600 604
1460 1462
592 600
1504 1505
83 85
1730 1731
1442 1444
935 939
385 386
1464 1468
1496 1500
87 91
386 387
437 438
1268 1269
699 703
150 152
732 736
773 774
485 487
1283 1284
1604 1605
183 185
215 217
1046 1048
736 742
1637 1638
1079 1081
1367 1368
1086 1126
1670 1671
1090 1096
821 822
1440 1474
1400 1401
1671 1672
1703 1704
854 855
1401 1402
326 327
24 25
56 57
1164 1166
1434 1435
359 360
639 643
57 58
857 865
1737 1738
1769 1770
27 35
11 27
1770 1771
1400 1414
141 142
1500 1501
1212 1214
684 686
972 973
1711 1721
591 607
174 175
233 261
953 959
156 157
1548 1550
415 417
459 460
448 450
1341 1342
492 493
1600 1602
1451 1473
1632 1634
1071 1072
470 474
1330 1332
1282 1292
181 191
1374 1375
794 800
525 526
576 577
694 712
817 819
1105 1106
1137 1138
1528 1554
1240 1416
1440 1441
1067 1079
1138 1139
63 64
569 573
322 324
1441 1442
883 885
376 380
1454 1460
1474 1475
373 374
1204 1205
916 918
676 677
1507 1508
406 407
1237 1238
949 951
1252 1254
952 962
163 164
923 935
742 743
1487 1651
1274 1278
141 145
454 456
1573 1574
993 999
724 725
491 523
196 197
1343 1377
664 680
1336 1338
247 248
206 210
757 758
1204 1218
520 522
1639 1640
1111 1112
262 263
1588 1594
841 842
874 875
1673 1674
265 273
1177 1178
1583 1637
568 576
347 348
59 61
609 613
1469 1471
380 381
1111 1125
1211 1212
1243 1244
110 111
5 583
1502 1504
941 942
653 655
1772 1773
1244 1245
956 958
974 975
446 447
1805 1806
1225 1231
1568 1570
719 721
1612 1613
479 480
1310 1311
461 462
921 941
512 513
771 773
1343 1344
494 495
742 746
1488 1582
1602 1604
1646 1647
545 546
1344 1345
17 18
848 849
1587 1597
1074 1075
1679 1680
546 547
1346 1354
965 1025
250 256
1377 1378
309 311
881 882
1140 1142
312 316
1712 1713
291 293
1410 1411
1442 1443
1690 1694
342 344
1701 1703
1674 1686
1383 1393
1694 1700
545 559
1198 1204
645 646
117 118
1476 1477
948 949
150 151
1812 1813
1224 1234
110 114
1316 1317
102 110
1542 1543
183 184
1801 1803
165 166
644 658
1416 1440
777 779
810 812
1371 1373
282 283
1081 1082
493 503
585 586
1345 1357
1416 1417
283 284
1642 1643
1114 1115
583 661
877 879
49 53
1740 1742
1147 1148
1179 1180
757 813
651 652
1249 1281
1180 1181
640 642
1212 1213
652 653
684 685
1463 1469
1774 1776
673 675
145 147
1516 1517
1548 1549
415 416
1246 1247
666 672
430 432
718 719
149 153
448 449
160 162
1179 1193
1600 1601
751 752
182 186
1582 1583
1312 1313
212 214
784 785
1316 1320
1615 1616
785 786
817 818
515 516
1108 1110
551 555
322 323
1681 1682
548 549
20 21
1379 1380
490 544
883 884
282 286
1142 1144
355 356
614 616
133 163
53 54
1445 1447
916 917
1175 1177
1167 1173
86 87
1478 1480
377 379
949 950
389 390
680 682
1252 1253
119 120
1511 1513
454 455
411 413
983 984
403 409
1814 1815
714 716
1286 1287
746 748
1577 1579
1275 1277
186 187
218 219
251 253
477 479
1769 1785
1049 1050
1329 1333
780 782
219 220
1385 1386
845 847
1676 1678
1363 1367
587 588
59 60
1418 1419
890 891
1116 1117
1149 1151
1721 1722
588 589
1451 1452
923 924
621 622
653 654
125 126
1484 1485
956 957
1215 1217
6 354
114 116
913 915
417 419
989 990
409 415
1536 1537
687 688
967 971
719 720
118 122
1518 1519
990 991
1820 1826
192 193
979 981
971 977
451 453
1602 1603
753 754
1584 1585
1056 1057
516 518
476 482
1328 1336
786 787
1007 1021
226 227
1026 1034
1617 1618
1089 1090
1348 1350
291 292
1683 1685
1122 1123
1370 1374
1362 1370
820 821
627 628
853 854
325 326
357 358
1465 1467
616 618
815 827
88 90
886 887
358 359
649 651
1768 1769
1480 1482
1240 1241
423 424
1801 1802
1513 1515
125 129
985 987
424 425
1306 1307
1018 1020
1536 1540
188 190
760 761
220 222
586 608
1339 1340
490 491
749 751
253 255
1073 1077
1052 1054
1084 1086
523 524
556 558
1354 1355
1675 1676
286 288
585 621
28 29
1708 1709
29 30
1667 1707
62 63
94 95
1742 1743
814 830
1774 1775
72 76
1184 1186
623 624
43 49
1043 1067
1723 1729
95 96
386 388
1206 1210
430 431
977 978
160 161
1808 1809
959 960
707 708
756 866
1010 1011
1770 1782
420 422
464 465
1043 1044
1134 1162
1025 1026
164 172
1306 1310
530 531
789 791
821 823
1641 1645
1091 1092
563 564
1671 1673
854 856
261 262
326 328
552 554
13 17
1445 1446
24 26
1675 1679
294 295
847 853
1478 1479
57 59
1737 1739
79 83
71 79
134 135
360 361
1773 1777
393 395
1500 1502
1245 1249
1611 1635
91 93
663 664
411 412
94 98
1242 1243
954 956
714 715
1785 1787
1545 1546
696 697
1275 1276
157 159
707 711
780 781
211 215
1611 1612
762 763
1010 1014
134 148
234 235
813 814
223 225
795 796
267 268
547 551
1645 1646
1244 1302
1105 1107
1149 1150
559 561
278 282
1138 1140
63 65
1710 1711
1182 1183
1120 1122
1408 1409
1433 1439
1444 1448
1711 1712
1743 1744
1215 1216
1474 1476
1492 1524
913 914
625 627
304 312
1744 1745
1507 1509
658 660
337 345
1777 1778
1249 1250
148 149
691 693
979 980
410 414
451 452
1282 1283
433 434
713 717
196 198
484 485
1027 1029
466 467
1045 1046
1348 1349
499 500
1607 1609
802 803
262 264
4 5
1115 1119
1382 1383
1112 1113
835 841
347 349
1145 1146
70 71
318 322
329 331
1448 1449
1480 1481
952 953
1193 1195
1761 1765
1513 1514
423 459
1743 1747
683 684
1582 1650
1226 1228
137 138
188 189
126 128
1806 1808
978 982
461 463
749 750
1052 1053
870 896
475 483
1613 1614
1646 1648
236 237
484 488
815 816
1347 1351
1614 1615
539 540
1074 1076
1086 1087
1045 1049
357 383
1679 1681
1377 1379
816 817
69 101
1410 1412
561 563
849 850
1152 1153
1044 1062
1184 1185
882 883
594 596
1487 1488
1613 1627
1713 1714
354 355
66 68
930 932
638 644
1218 1219
1250 1251
988 1022
420 421
1251 1252
1531 1535
723 724
1554 1555
1586 1587
1284 1285
903 919
1543 1545
756 757
1535 1541
1015 1017
1587 1588
1317 1318
789 790
1620 1621
1258 1268
770 776
1081 1083
1653 1654
552 553
1351 1352
1383 1384
823 824
283 285
1642 1644
1586 1600
1686 1687
1493 1521
1384 1385
1147 1149
586 587
1417 1418
889 890
921 922
1180 1182
393 394
1224 1225
91 92
922 923
634 636
954 955
1753 1754
385 389
1785 1786
364 366
1205 1211
1516 1518
1246 1248
157 158
988 989
1087 1111
460 461
1819 1820
751 753
1 1487
172 173
493 494
1312 1314
223 224
1054 1055
526 527
1357 1358
256 257
1087 1088
559 560
1390 1391
257 258
289 290
1088 1089
1681 1683
548 550
1120 1121
1379 1381
592 593
290 291
1401 1405
593 594
53 55
625 626
1456 1457
1715 1717
1154 1155
1434 1438
1585 1607
658 659
1489 1490
356 357
1729 1737
389 391
1748 1750
1187 1188
119 121
691 692
1610 1636
1490 1491
994 995
404 406
983 985
1814 1816
1027 1028
1286 1288
725 726
156 160
1796 1804
1607 1608
186 188
758 759
1589 1590
1049 1051
1009 1015
456 457
1320 1322
759 760
163 177
514 520
232 276
792 793
1385 1387
1655 1656
1765 1793
857 858
890 892
256 260
1116 1118
1529 1553
329 330
1068 1078
297 298
1721 1723
588 590
27 28
1419 1421
858 859
1193 1194
613 619
1452 1454
1484 1486
395 396
1226 1227
924 925
1477 1483
1529 1530
396 397
1755 1756
866 920
687 689
1259 1260
126 127
1806 1807
1518 1520
429 430
1821 1823
1260 1261
712 718
1311 1312
994 998
753 755
1573 1577
424 436
1056 1058
495 496
193 194
786 788
226 228
1617 1619
436 446
1629 1630
496 497
0 1
963 1131
1122 1124
561 562
1281 1297
1668 1706
1132 1174
1695 1696
594 595
66 67
1425 1426
897 898
1156 1158
1527 1559
886 888
898 899
930 931
628 629
132 133
871 881
963 964
1211 1215
1510 1511
661 662
133 134
1492 1493
1813 1814
964 965
395 399
1543 1544
122 124
694 695
1015 1016
166 167
425 427
3 963
335 353
199 200
1591 1593
1289 1291
232 233
1489 1581
1311 1315
483 489
1342 1382
1322 1324
535 536
1354 1356
233 234
265 266
4 756
568 569
235 243
848 852
827 829
1399 1400
266 267
29 31
1388 1390
601 602
1691 1693
1162 1163
1421 1423
634 635
1100 1108
893 895
332 333
364 365
1724 1726
0 1666
623 625
723 749
95 97
667 668
645 649
668 669
948 952
1808 1810
959 961
1790 1792
356 402
129 131
205 206
1804 1812
1823 1825
1583 1584
165 169
1616 1617
767 768
1346 1347
530 532
228 230
800 801
1059 1061
1103 1104
563 565
2 3
759 805
305 306
1092 1094
1136 1137
3 4
35 36
1715 1716
294 296
866 867
338 339
597 599
36 37
1748 1749
69 70
101 102
372 373
404 405
652 656
1730 1736
102 103
1782 1783
361 363
1545 1547
135 136
966 967
438 439
718 722
1560 1562
1268 1274
427 429
999 1000
1320 1321
471 472
730 732
1283 1289
763 765
795 797
267 269
785 789
9 10
1616 1620
515 519
459 475
1419 1420
570 571
42 43
873 874
1408 1410
20 24
12 20
1452 1453
1382 1394
56 62
1744 1746
1183 1184
367 369
1726 1728
1777 1779
1821 1822
1231 1233
98 100
42 56
142 143
433 435
466 468
1585 1586
1297 1299
736 737
695 705
499 501
990 1004
1669 1701
1090 1091
802 804
219 223
1651 1652
533 535
1652 1653
1112 1114
1243 1305
1156 1157
587 591
1614 1626
5 6
1145 1147
610 611
1448 1450
760 784
1718 1719
1190 1191
920 921
1666 1794
1339 1399
1651 1665
104 106
1751 1752
1223 1224
122 123
953 954
1673 1689
137 139
425 426
968 970
358 372
1591 1592
1289 1290
1001 1003
192 196
491 492
1322 1323
1174 1196
794 795
724 730
776 777
524 525
302 332
506 507
827 828
539 541
765 767
1658 1659
237 239
1388 1389
860 861
11 12
1691 1692
270 272
849 851
1421 1422
893 894
44 45
1152 1154
1724 1725
591 592
1454 1455
834 844
627 631
853 857
1713 1715
325 329
524 538
317 325
1344 1360
1455 1456
1758 1759
1218 1220
1790 1791
369 371
129 130
1488 1489
1200 1202
1708 1758
111 112
1823 1824
1521 1522
941 947
993 994
705 707
904 916
384 392
1284 1286
1328 1329
1026 1027
1805 1811
177 178
1317 1319
228 229
1620 1622
1059 1060
1310 1316
1362 1363
1588 1589
354 490
301 335
1653 1655
1092 1093
243 244
10 42
1351 1353
823 825
1395 1396
1686 1688
597 598
28 32
1126 1127
1088 1100
860 864
1712 1718
1159 1160
631 632
62 66
1462 1463
1494 1495
73 75
361 362
1753 1755
664 665
1495 1496
1527 1528
1225 1226
964 1042
697 698
608 620
1528 1529
1560 1561
427 428
1771 1781
1258 1259
442 444
730 731
172 174
1812 1818
1550 1552
682 690
763 764
1542 1548
1022 1024
1594 1595
1054 1056
1292 1293
1564 1572
1357 1359
1627 1628
1325 1326
250 251
797 798
257 259
1390 1392
301 302
527 528
1132 1133
1091 1095
1051 1059
830 831
261 265
32 33
1456 1458
662 694
1694 1695
1114 1120
367 368
1726 1727
1154 1156
1305 1325
1198 1199
928 929
1187 1189
1199 1200
1231 1232
651 657
98 99
929 930
360 364
1221 1223
544 566
1265 1266
1297 1298
164 165
995 996
1254 1256
726 728
437 445
1589 1591
456 458
101 117
1029 1030
533 534
792 794
1364 1365
231 232
1623 1625
1062 1063
1766 1790
566 567
1645 1649
297 299
1656 1658
869 870
1128 1130
567 568
858 860
71 72
1430 1431
1733 1734
600 601
872 880
104 105
1463 1464
935 936
761 783
1766 1767
345 347
665 666
1584 1610
1464 1465
1496 1497
936 937
396 398
1755 1757
968 969
566 580
1799 1800
666 667
359 367
925 927
1497 1498
1001 1002
1228 1230
699 700
1530 1531
1034 1035
621 637
1261 1263
132 180
732 733
991 993
204 205
1035 1036
1294 1296
193 195
665 679
765 766
237 238
1629 1631
1008 1018
496 498
1068 1069
270 271
1101 1102
1360 1362
1710 1740
303 304
1134 1135
1 2
525 533
832 833
1425 1427
204 218
304 305
336 337
1696 1698
1135 1136
1167 1168
639 640
1418 1424
898 900
337 338
1137 1145
369 370
1168 1169
628 630
1200 1201
672 673
402 403
1762 1764
1462 1472
705 706
303 317
403 404
683 687
1234 1235
166 168
1537 1538
336 350
436 437
739 740
200 202
1031 1033
470 471
535 537
1333 1334
805 806
1064 1066
236 240
503 504
7 8
