55 57
444 445
347 351
99 100
358 360
159 160
8 9
40 41
100 101
148 150
328 346
132 133
3 415
73 74
14 15
484 486
468 469
122 124
317 318
357 363
258 259
107 108
4 370
48 49
442 443
259 260
218 222
490 492
210 218
339 341
140 141
0 494
351 352
399 401
383 384
98 144
232 233
443 444
8 98
81 82
475 476
494 498
173 174
22 23
416 417
233 234
265 266
476 477
114 115
394 398
357 358
417 418
55 56
465 467
147 148
358 359
180 182
406 408
390 391
371 387
498 500
299 300
331 332
423 424
62 64
364 365
1 471
95 97
273 274
51 81
155 157
187 189
247 249
306 307
419 431
280 282
272 278
129 131
490 491
339 340
205 206
91 95
54 55
313 315
146 147
43 45
286 288
103 105
416 434
194 232
338 344
179 180
28 29
438 440
279 285
120 121
180 181
228 230
77 79
61 62
272 273
101 107
121 122
380 382
301 327
2 3
412 414
172 176
62 63
305 306
154 155
3 4
35 36
445 447
246 247
95 96
338 339
187 188
36 37
68 69
478 480
279 280
128 129
160 161
371 372
6 252
69 70
101 102
360 362
372 373
10 11
404 405
452 454
253 254
102 103
313 314
194 195
43 44
286 287
135 136
17 19
227 228
415 437
76 77
438 439
335 337
319 320
201 203
257 265
471 472
412 413
293 294
13 17
353 354
7 193
445 446
267 269
176 178
9 10
179 183
478 479
437 438
419 420
82 88
360 361
12 20
31 33
370 402
274 276
452 453
204 208
183 185
215 217
426 428
307 309
108 109
367 369
65 67
189 191
201 202
82 83
330 334
341 343
171 179
211 215
393 399
282 284
83 84
115 116
144 170
53 61
267 268
164 166
167 168
89 90
459 465
300 301
348 350
197 199
241 242
100 114
289 291
200 201
241 251
31 32
274 275
255 271
374 380
215 216
37 39
426 427
307 308
5 6
70 72
459 460
418 419
437 441
189 190
170 186
148 149
448 450
481 483
52 68
374 375
484 485
122 123
137 139
285 293
159 163
458 459
348 349
329 345
458 468
418 432
262 264
111 113
399 400
4 5
473 474
355 357
236 238
37 38
373 374
296 298
373 383
465 466
388 390
26 28
258 262
107 111
70 71
406 407
498 499
11 12
421 423
151 153
200 204
232 236
163 164
10 34
243 245
255 256
395 397
196 197
155 156
114 118
487 489
288 289
137 138
247 248
428 430
147 151
280 281
170 171
129 130
262 263
310 312
111 112
402 404
81 89
254 255
144 145
103 104
273 277
236 237
195 196
136 137
347 348
306 310
387 393
9 51
228 229
77 78
210 211
92 94
380 381
420 426
151 152
372 386
472 473
54 58
243 244
25 31
125 127
51 52
84 86
354 355
354 364
487 488
302 326
195 209
387 388
58 60
61 65
328 329
40 42
121 125
442 458
420 421
132 134
2 442
224 226
25 26
73 75
154 158
494 495
353 367
146 154
302 303
14 16
246 250
254 272
468 470
394 395
17 18
317 319
36 40
335 336
128 132
120 128
460 462
5 299
69 73
383 385
102 106
305 313
434 436
84 85
35 43
375 377
265 267
176 177
227 231
76 80
68 76
136 140
408 410
209 210
300 328
58 59
390 392
301 302
393 394
331 333
471 493
242 243
91 92
423 425
334 335
224 225
183 184
475 481
253 279
364 366
323 325
367 368
135 143
65 66
316 322
6 7
460 461
98 99
209 223
341 342
172 173
282 283
205 207
223 224
434 435
304 316
164 165
375 376
252 296
46 48
256 257
316 317
28 30
197 198
408 409
257 258
289 290
119 135
20 22
83 87
474 475
323 324
474 484
415 416
444 452
256 270
193 241
238 240
160 162
448 449
12 13
481 482
242 246
404 406
473 487
303 323
212 214
334 338
13 14
34 46
455 457
46 47
319 321
11 25
171 172
219 221
20 21
52 53
462 464
355 356
293 295
204 205
53 54
447 448
223 227
495 497
296 297
145 146
388 389
26 27
329 330
377 379
186 192
421 422
238 239
119 120
330 331
410 412
211 212
443 455
303 304
1 2
395 396
212 213
455 456
304 305
108 110
145 159
428 429
99 119
186 187
218 219
310 311
370 371
402 403
219 220
163 167
462 463
299 347
115 117
252 253
196 200
495 496
288 292
193 194
417 433
285 286
167 169
89 91
377 378
0 1
48 50
259 261
92 93
140 142
351 353
410 411
472 490
125 126
173 175
22 24
233 235
34 35
476 478
447 451
7 8
