99 100
44 45
255 256
159 160
8 9
256 257
40 41
179 181
100 101
6 112
132 133
112 130
13 17
120 122
192 193
185 187
257 258
96 97
41 42
240 242
24 26
81 87
116 118
133 134
55 77
188 189
126 128
14 15
208 210
170 171
9 10
171 191
1 243
202 224
153 155
225 226
80 88
122 124
0 254
74 75
221 222
47 48
226 227
203 204
10 38
145 147
35 37
96 108
162 163
20 24
254 255
38 39
12 20
144 145
48 49
207 213
80 81
143 149
236 237
234 240
95 109
68 70
91 93
130 140
177 178
71 72
81 82
59 61
156 158
173 174
12 13
118 119
101 103
142 150
210 211
65 67
57 63
114 115
109 110
13 14
206 207
151 152
55 56
201 202
175 183
88 90
206 216
243 244
82 83
202 203
243 253
142 143
207 208
84 86
29 31
173 185
78 79
234 235
143 144
38 52
235 236
213 215
175 176
28 32
240 241
79 80
24 25
56 57
170 198
250 252
171 172
116 117
219 221
20 21
9 55
125 129
52 53
245 249
246 248
208 209
57 58
112 113
167 168
204 205
27 35
244 250
172 188
11 27
63 65
145 146
79 91
56 68
32 34
188 190
58 62
165 167
21 22
14 16
141 142
2 234
256 260
40 44
5 141
113 114
176 182
17 18
27 28
221 223
205 206
198 200
4 170
174 175
174 184
162 164
194 196
156 157
99 105
5 6
191 197
3 201
135 137
97 98
150 156
78 94
1 2
161 165
113 125
179 180
227 229
244 245
28 29
132 138
204 218
205 217
71 73
88 89
47 51
120 121
185 186
245 246
29 30
84 85
44 46
203 219
126 127
70 74
159 161
176 177
153 154
2 3
213 214
122 123
224 232
250 251
254 262
82 84
192 194
257 259
219 220
3 4
58 59
41 43
35 36
246 247
191 192
133 135
95 96
150 151
201 233
74 76
91 92
68 69
100 104
224 225
63 64
32 33
165 166
4 5
59 60
52 54
98 106
101 102
7 95
255 261
167 169
161 162
0 1
141 159
48 50
10 11
39 47
8 78
65 66
235 239
236 238
198 199
97 107
131 139
6 7
177 179
194 195
226 230
98 99
21 23
70 71
125 126
118 120
135 136
130 131
39 40
144 148
17 19
210 212
172 173
11 12
227 228
114 116
131 132
225 231
109 111
151 153
7 8
