201 203
163 164
72 73
55 57
105 107
266 268
283 284
211 213
99 100
44 45
184 196
164 165
226 232
52 58
87 89
7 99
8 9
256 257
40 41
181 199
182 198
210 214
3 205
265 269
244 246
100 101
239 259
293 294
132 133
270 274
83 85
262 270
155 156
13 17
131 143
132 142
24 26
41 42
73 74
81 87
284 285
82 86
292 298
294 295
133 134
116 118
126 128
229 230
164 176
14 15
165 175
225 226
9 10
74 75
262 263
148 152
149 151
166 167
53 55
226 227
47 48
4 178
10 38
35 37
107 108
243 249
277 281
147 153
134 135
20 24
144 145
38 39
12 20
103 104
48 49
259 260
91 93
75 76
123 125
94 98
183 197
160 162
71 72
119 121
81 82
136 137
71 81
292 293
1 275
100 126
156 158
12 13
271 273
265 266
210 211
114 115
169 170
13 14
206 207
110 111
55 56
201 202
266 267
105 106
243 244
82 83
147 148
190 192
207 208
29 31
239 240
216 220
217 219
180 200
38 52
121 123
83 84
113 119
235 236
28 32
278 280
240 241
24 25
214 222
215 221
179 201
249 253
250 252
116 117
181 182
20 21
52 53
163 177
246 248
208 209
263 264
256 258
95 97
167 168
89 90
186 190
187 189
149 150
99 131
214 215
53 54
27 35
62 66
241 242
11 27
178 204
128 130
145 146
63 65
193 195
32 34
145 155
146 154
182 183
21 22
285 287
14 16
0 292
60 68
61 67
40 44
113 114
178 179
17 18
8 70
155 159
27 28
123 124
238 239
205 206
215 216
270 271
119 120
166 172
146 147
139 141
185 193
156 157
211 212
134 136
5 6
9 59
60 61
271 272
206 234
103 105
87 88
75 77
1 2
179 180
172 174
244 245
28 29
227 229
148 149
287 289
47 51
136 138
185 186
205 235
180 181
29 30
238 262
277 278
61 62
44 46
217 218
126 127
121 122
169 171
186 187
2 3
144 160
276 282
278 279
62 63
110 112
94 95
250 251
209 210
41 43
3 4
35 36
229 231
275 283
246 247
294 296
95 96
187 188
242 243
70 94
235 237
91 92
225 233
293 297
63 64
183 184
102 110
128 129
193 194
160 161
32 33
165 166
4 5
59 60
275 276
285 286
107 109
59 69
101 102
263 265
167 169
89 91
216 217
0 1
48 50
10 11
39 47
259 261
276 277
74 78
242 254
102 103
6 7
184 185
249 250
139 140
72 80
6 144
209 223
283 291
240 256
284 290
241 255
70 71
21 23
133 139
190 191
73 79
101 113
39 40
17 19
2 238
227 228
11 12
207 225
208 224
131 132
114 116
172 173
287 288
5 163
7 8
