55 57
72 73
26 30
107 113
108 112
152 154
8 9
40 41
234 236
179 181
132 133
106 114
13 17
120 122
247 248
192 193
189 203
247 257
47 55
73 74
229 230
116 118
133 134
1 225
87 91
173 179
176 178
14 15
170 171
9 10
225 226
57 59
129 130
106 107
115 119
221 222
214 216
231 232
151 157
47 48
226 227
203 204
42 43
35 37
107 108
162 163
134 135
20 24
145 165
254 255
12 20
8 68
48 49
103 104
242 244
80 81
85 86
27 29
172 182
232 233
71 72
209 213
81 82
124 126
108 109
173 174
12 13
228 229
77 78
216 218
208 214
210 211
49 50
104 105
97 99
169 170
109 110
123 127
129 143
130 142
13 14
151 152
45 46
206 207
55 56
230 238
88 90
105 106
25 31
105 115
147 148
128 144
207 208
46 47
228 240
229 239
234 235
69 85
186 188
115 116
230 231
227 241
11 25
249 253
250 252
154 156
171 172
116 117
219 221
20 21
52 53
208 209
95 97
40 42
57 58
248 254
7 103
149 150
214 215
149 159
4 168
62 66
63 65
25 26
73 75
145 146
200 201
26 27
165 167
171 183
21 22
147 161
14 16
61 67
0 246
123 124
17 18
104 120
27 28
169 185
221 223
170 184
174 175
93 101
94 100
45 61
162 164
146 147
193 197
194 196
5 6
168 186
254 256
248 249
87 88
135 137
152 153
97 98
1 2
179 180
189 190
148 149
93 94
232 234
10 32
88 89
120 121
68 92
77 79
61 62
226 242
150 158
80 84
176 177
186 187
207 219
2 3
34 38
62 63
94 95
250 251
148 160
209 210
9 45
154 155
219 220
3 4
32 40
33 39
35 36
72 76
246 247
191 192
150 151
95 96
242 243
46 60
68 69
225 245
63 64
71 77
128 129
2 206
193 194
32 33
203 205
165 166
4 5
42 44
3 189
69 70
146 162
124 125
52 54
246 258
216 217
0 1
168 169
10 11
92 93
103 123
85 87
92 102
6 7
200 202
192 198
249 250
33 34
194 195
81 83
206 224
21 23
70 71
133 139
135 136
190 191
70 80
134 138
130 131
190 200
17 19
34 35
48 52
172 173
11 12
227 228
5 145
131 132
191 199
210 212
109 111
49 51
131 141
174 176
132 140
6 128
7 8
231 237
