67 68
99 100
147 149
167 173
8 9
40 41
299 301
100 101
41 42
73 74
292 298
133 134
14 15
165 175
225 226
273 275
233 239
74 75
106 107
166 167
47 48
258 259
306 308
107 108
199 200
48 49
291 292
232 233
292 293
1 229
233 234
114 115
206 207
88 90
147 148
120 140
29 31
299 300
62 64
146 152
181 182
246 248
273 274
143 155
306 307
198 216
220 222
21 22
40 44
272 278
8 70
224 228
146 147
28 29
88 89
157 161
136 138
120 121
201 213
29 30
260 262
61 62
272 273
268 284
121 122
169 171
2 3
62 63
183 191
3 4
51 53
35 36
246 247
294 296
95 96
127 128
235 237
9 47
197 219
220 221
98 106
101 102
7 95
10 11
302 304
17 19
168 169
260 261
293 294
13 17
24 26
294 295
164 176
9 10
38 46
49 55
117 119
149 151
97 113
209 211
268 269
90 92
20 24
12 20
75 76
290 302
275 277
108 109
216 218
49 50
201 202
50 51
82 83
289 305
142 143
0 288
234 235
6 120
24 25
85 93
56 57
267 268
145 153
185 189
167 168
248 254
149 150
27 35
11 27
241 242
200 201
90 91
3 181
219 223
182 183
141 142
182 192
5 141
123 124
123 133
5 6
248 249
97 98
130 132
270 282
200 214
255 257
122 123
59 67
70 94
100 104
262 264
4 5
204 206
74 78
122 136
177 179
107 111
70 71
130 131
11 12
163 164
203 209
243 245
255 256
196 197
288 289
166 174
96 97
229 230
48 56
291 299
262 263
2 196
203 204
232 240
10 38
162 163
144 145
85 86
177 178
136 137
47 59
269 270
169 170
121 139
243 244
202 203
125 127
51 52
202 212
143 144
235 236
158 160
28 32
250 252
61 65
184 190
32 34
162 180
14 16
302 303
17 18
95 117
258 260
99 105
124 130
106 112
206 208
117 118
250 251
168 172
209 210
142 156
39 45
242 243
224 225
293 297
183 184
32 33
275 276
165 166
124 125
216 217
264 266
198 199
157 158
6 7
249 250
98 99
21 23
241 255
39 40
72 73
72 82
164 165
267 285
197 198
229 267
79 81
289 290
50 54
290 291
234 238
231 232
231 241
35 37
127 129
38 39
86 88
264 265
4 162
71 72
101 103
12 13
242 246
13 14
196 224
186 188
230 231
278 280
79 80
249 253
71 85
230 258
20 21
163 177
60 66
144 154
204 205
145 146
193 195
285 287
86 87
27 28
270 271
60 61
271 272
271 281
75 77
1 2
185 186
108 110
288 306
67 69
96 114
269 283
186 187
199 215
278 279
82 84
219 220
41 43
133 135
141 157
181 193
225 227
56 58
193 194
59 60
285 286
0 1
184 185
73 79
125 126
114 116
158 159
7 8
