177 181
67 68
147 149
229 237
207 209
8 9
40 41
251 252
132 133
2 432
140 146
343 344
92 106
451 453
73 74
284 285
181 183
392 394
14 15
225 226
468 469
106 107
114 120
166 167
214 216
409 410
226 227
107 108
387 391
9 49
318 319
398 400
442 443
80 81
291 292
339 341
140 141
383 384
81 82
324 325
173 174
384 385
22 23
51 59
265 266
476 477
114 115
357 358
206 207
417 418
465 467
147 148
406 408
207 208
121 123
331 332
62 64
305 307
154 156
364 365
313 329
181 182
413 425
95 97
365 366
36 38
214 215
247 249
227 243
287 303
188 190
398 399
220 222
129 131
113 114
339 340
10 30
91 113
162 164
146 147
32 36
165 169
397 403
175 201
103 105
87 88
135 137
195 197
76 78
459 481
120 121
260 262
439 441
471 473
320 322
121 122
80 84
169 171
153 154
39 43
380 382
2 3
113 127
213 214
62 63
433 455
94 95
305 306
353 355
154 155
3 4
397 398
246 247
294 296
254 260
95 96
143 145
127 128
338 339
187 188
286 310
36 37
446 448
68 69
478 480
128 129
160 161
371 372
419 421
220 221
268 270
69 70
101 102
312 313
161 162
10 11
404 405
290 294
313 314
342 350
361 363
345 346
194 195
405 406
445 451
286 287
315 323
135 136
264 268
17 19
227 228
338 352
76 77
486 488
287 288
356 360
289 297
260 261
471 472
320 321
481 485
234 236
326 328
13 17
463 464
353 354
385 386
146 150
445 446
294 295
116 118
9 10
300 302
478 479
437 438
120 124
138 160
230 234
419 420
268 269
12 20
153 157
334 336
94 98
183 185
426 428
64 66
307 309
124 126
108 109
237 241
49 50
157 159
400 402
249 251
50 51
98 100
414 422
234 235
263 271
115 116
284 312
326 327
374 376
175 176
56 57
288 300
116 117
300 301
30 31
90 91
219 223
211 219
31 32
141 142
473 475
274 275
224 274
426 427
174 175
93 101
64 65
307 308
5 6
174 202
415 417
70 72
459 460
186 194
400 401
448 450
30 44
451 452
433 434
255 257
392 393
314 315
314 324
7 173
374 375
45 47
432 456
425 426
366 367
203 205
4 5
473 474
432 433
85 87
465 466
283 337
388 390
347 349
107 111
4 364
70 71
406 407
329 331
366 380
178 180
11 12
151 153
3 413
243 245
44 45
255 256
303 305
395 397
288 289
247 248
206 210
365 383
229 230
188 189
369 371
129 130
90 138
25 27
203 204
162 163
254 255
384 392
103 104
195 196
85 86
364 404
177 178
425 429
347 348
228 229
139 151
439 440
169 170
380 381
151 152
383 395
33 35
243 244
202 203
413 414
51 52
143 144
446 447
387 388
191 193
228 242
460 476
40 42
461 462
132 134
343 345
213 217
25 26
361 362
73 75
14 16
435 436
468 470
17 18
187 191
276 278
486 487
198 200
409 411
128 132
50 60
69 73
442 444
291 293
0 486
161 165
312 334
8 90
324 326
194 198
1 459
405 409
275 281
434 454
246 254
265 267
176 177
127 135
176 186
106 112
357 359
316 318
68 76
368 374
257 259
191 192
331 333
91 92
404 412
224 225
334 335
183 184
231 233
32 33
202 206
275 276
165 166
124 125
367 368
367 377
276 277
198 199
157 158
49 67
368 369
6 7
139 140
249 250
460 461
98 99
160 172
341 342
341 351
39 40
342 343
434 435
482 484
283 284
315 316
87 89
316 317
285 311
456 458
257 258
289 290
20 22
290 291
115 119
231 232
53 55
415 416
264 265
297 299
356 357
337 353
27 29
238 240
448 449
371 373
79 85
101 103
12 13
422 424
60 62
271 273
481 482
355 361
13 14
45 46
345 347
482 483
67 79
488 490
138 139
429 431
230 231
5 283
456 457
79 80
11 25
278 280
20 21
414 415
52 53
263 264
31 39
355 356
274 282
212 218
53 54
463 465
385 387
388 389
237 238
297 298
329 330
377 379
178 179
27 28
437 439
238 239
211 212
422 423
60 61
271 272
462 468
303 304
1 2
395 396
212 213
93 94
108 110
436 442
488 489
337 338
369 370
186 187
251 253
429 430
278 279
461 471
219 220
462 463
44 48
435 445
56 58
166 168
225 263
436 437
285 286
318 320
226 246
6 224
377 378
0 1
92 93
33 34
81 83
52 56
141 143
22 24
476 478
173 211
7 8
417 419
