1587 1601
1669 1670
536 537
1089 1095
1129 1131
8 9
299 301
871 872
270 274
1702 1703
569 570
1174 1175
1433 1435
904 905
882 886
1207 1208
106 107
1466 1468
905 906
365 367
937 938
1185 1189
1196 1198
1347 1367
107 108
938 939
442 443
420 424
971 972
431 433
443 444
475 476
941 949
1554 1558
173 174
1004 1005
435 439
1307 1308
974 982
1598 1600
1037 1038
457 463
935 1027
509 510
789 793
207 208
542 543
1373 1374
240 241
1424 1425
834 836
1041 1049
1406 1407
36 38
856 860
1439 1440
899 901
306 307
1719 1723
911 912
69 71
641 642
113 114
852 862
892 898
339 340
372 374
1051 1071
944 945
598 600
1224 1228
1491 1492
642 643
1782 1784
1221 1222
146 147
1785 1789
1764 1766
623 629
1524 1525
103 105
106 110
726 727
1269 1271
708 709
180 181
1287 1288
439 441
1298 1334
1011 1012
1590 1591
741 742
1623 1624
774 775
537 539
1564 1574
715 725
1055 1059
1110 1111
257 261
1689 1690
1099 1101
312 313
10 11
603 605
1150 1152
1619 1747
345 346
1424 1428
43 44
1723 1724
302 304
346 347
378 379
76 77
1756 1757
1176 1182
515 533
1228 1229
379 380
1789 1790
1261 1262
1050 1078
1523 1527
463 464
445 446
1545 1551
704 706
1327 1328
726 730
97 113
737 739
781 782
241 243
1360 1361
759 763
1590 1594
1342 1343
1622 1626
814 815
274 276
544 545
972 992
1652 1654
865 866
455 473
847 848
1459 1460
82 83
39 41
83 84
115 116
1795 1796
662 663
6 358
72 74
396 400
695 696
407 409
167 168
710 712
998 999
149 150
1541 1543
1447 1499
1559 1560
1271 1273
1451 1469
1031 1032
1574 1576
473 475
485 486
1632 1666
1304 1306
215 216
463 467
1326 1330
1286 1294
518 519
1097 1098
809 811
1079 1080
1626 1627
1433 1434
219 227
584 585
591 593
1466 1467
45 47
1725 1727
1164 1165
876 878
1415 1421
1499 1500
348 349
1299 1331
310 322
963 967
381 382
661 665
414 416
1565 1566
483 515
1566 1567
177 179
997 1001
1296 1297
1008 1010
695 699
1555 1557
1679 1709
750 751
498 499
1362 1364
1560 1608
801 802
1632 1633
211 213
790 792
1395 1397
834 835
233 237
1633 1634
244 246
288 289
1399 1403
298 302
1698 1699
868 869
1699 1700
1159 1161
598 599
1203 1204
1429 1430
800 850
901 902
1680 1686
332 336
1192 1194
1764 1765
103 104
934 935
853 861
1225 1227
1269 1270
668 672
1735 1743
660 668
1499 1503
1206 1250
118 119
439 440
1258 1260
1302 1303
712 714
184 186
1303 1304
202 203
1753 1769
1265 1277
1336 1337
3 933
487 488
1595 1597
1627 1629
1297 1345
1369 1370
1067 1068
1099 1100
498 502
1678 1716
833 837
305 309
572 573
32 34
1403 1404
863 865
35 39
14 16
302 303
605 606
516 528
1436 1437
368 370
1727 1729
940 941
371 375
1771 1772
638 639
350 352
973 974
1761 1763
704 705
1535 1536
995 997
1007 1008
737 738
449 451
1568 1569
1028 1030
1040 1041
1266 1267
659 675
1331 1333
770 771
1202 1368
153 165
973 987
1073 1074
224 225
771 772
803 804
1634 1635
534 536
497 505
804 805
1095 1097
1667 1668
840 844
1700 1702
6 7
21 23
1668 1669
934 1036
1733 1735
1140 1141
600 602
39 40
1431 1433
1423 1429
870 871
75 79
342 343
1173 1174
1205 1206
1453 1457
72 73
615 617
375 376
87 89
1146 1156
1206 1207
1238 1239
138 140
710 711
1541 1542
1239 1240
699 701
1271 1272
743 744
1574 1575
1304 1305
1531 1533
733 735
1203 1295
777 778
1608 1609
507 508
766 768
1338 1339
1589 1595
508 509
1287 1293
1072 1076
12 13
1371 1372
271 273
1102 1104
1674 1675
1301 1313
13 14
813 821
45 46
1404 1405
844 845
1437 1439
876 877
1135 1137
574 575
1405 1406
610 614
1688 1694
319 321
79 80
942 943
414 415
1471 1472
1503 1541
943 944
975 976
562 578
1422 1436
385 387
953 957
1278 1279
145 146
976 977
436 438
1755 1761
1008 1009
1235 1237
1555 1556
731 737
636 648
429 435
469 471
1631 1667
211 212
1603 1605
1042 1043
1521 1535
740 741
244 245
193 199
806 808
1637 1639
517 525
1669 1671
1359 1365
1411 1412
871 873
278 279
310 311
1702 1704
569 571
1400 1402
44 48
1052 1070
311 312
1142 1143
741 799
1414 1422
1374 1386
614 615
1477 1478
624 628
1736 1738
1175 1176
107 109
938 940
982 983
1208 1209
680 681
712 713
1511 1512
184 185
443 445
669 671
1562 1563
141 143
1544 1545
1004 1006
975 979
1307 1309
174 176
1595 1596
746 747
1577 1578
1037 1039
509 511
207 209
1266 1276
251 252
210 214
477 478
1661 1662
192 202
284 285
1643 1644
1115 1116
14 15
1406 1408
1148 1149
1439 1441
306 308
350 351
269 277
1709 1710
48 49
339 341
944 946
642 644
1761 1762
912 913
1184 1192
384 385
114 115
1506 1508
417 418
1083 1145
215 283
676 678
449 450
1299 1300
693 703
1752 1770
483 484
743 789
181 182
774 776
1565 1571
516 517
1347 1348
247 249
486 494
250 254
549 550
21 22
280 282
1639 1641
852 853
312 314
1683 1684
841 843
1661 1665
1672 1674
1559 1617
583 584
615 616
87 88
1694 1698
346 348
1177 1179
76 78
648 649
1195 1196
379 381
649 650
121 122
1448 1498
153 154
1531 1532
110 112
154 155
445 447
733 734
405 411
1564 1565
715 716
1036 1037
187 188
1546 1547
1018 1019
655 707
781 783
220 221
479 481
1051 1052
1342 1344
1102 1103
172 180
485 497
1084 1085
1563 1577
1335 1341
1062 1066
1387 1388
1054 1062
847 849
286 287
17 19
1376 1378
589 590
287 288
319 320
1748 1780
611 613
1504 1505
1730 1731
1442 1444
1202 1203
1113 1125
353 354
385 386
1763 1764
1235 1236
149 151
1195 1199
1268 1269
419 420
1530 1534
1522 1530
722 723
868 926
1301 1302
452 453
732 736
1283 1284
1544 1554
1316 1318
1334 1335
806 807
1637 1638
1036 1040
1079 1081
839 840
758 766
821 822
1400 1401
1651 1657
0 1618
854 855
326 327
24 25
56 57
1164 1166
1736 1737
359 360
618 620
906 907
57 58
297 305
636 637
348 350
27 35
1179 1181
11 27
651 653
90 91
669 670
381 383
141 142
1500 1501
880 890
972 973
684 686
891 899
363 371
174 175
1566 1568
1112 1132
156 157
418 428
189 190
1020 1021
1071 1072
543 544
1374 1375
525 526
805 809
1295 1347
288 290
558 559
1105 1106
536 540
1348 1358
831 839
850 852
1138 1139
1429 1431
1373 1387
1473 1474
1724 1730
883 885
1171 1172
355 357
1474 1475
1506 1507
1618 1748
905 909
1584 1606
1204 1205
916 918
676 677
388 390
67 75
118 120
406 407
130 131
936 1018
128 170
709 710
421 423
1111 1135
1510 1518
742 743
801 829
173 177
284 310
196 197
1336 1338
694 702
247 248
757 758
1078 1079
1369 1371
1067 1069
280 281
1639 1640
1111 1112
841 842
240 244
232 240
1672 1673
572 574
874 875
1177 1178
875 876
1706 1707
1738 1739
1158 1164
1210 1211
641 645
1739 1740
331 339
1211 1212
1491 1495
110 111
5 583
360 402
941 942
125 127
1772 1773
4 740
974 975
1205 1253
1536 1538
1568 1570
719 721
180 184
406 410
1612 1613
479 480
1210 1224
1310 1311
1073 1075
224 226
1450 1470
771 773
494 495
1041 1042
545 546
17 18
1376 1377
1635 1637
1679 1680
546 547
258 260
578 579
881 882
1140 1142
1712 1713
579 580
291 293
611 612
1442 1443
342 344
1504 1540
84 85
1475 1476
375 377
1476 1477
1756 1760
1738 1742
678 679
1509 1510
1088 1108
1240 1242
1232 1238
131 137
1316 1317
1014 1015
165 166
744 745
1349 1350
216 217
745 746
1338 1340
1470 1496
249 250
1612 1616
778 779
171 187
1209 1231
814 818
1674 1676
1113 1114
585 586
844 846
1416 1417
283 284
1642 1643
315 316
742 798
1114 1115
574 576
1146 1147
545 549
1585 1603
618 619
1449 1450
316 317
1147 1148
1179 1180
578 582
79 81
651 652
1482 1483
1212 1213
1471 1473
684 685
83 87
1483 1484
94 96
1213 1214
397 399
976 978
718 719
448 449
1053 1054
1279 1280
751 752
1031 1035
994 1004
1174 1200
1571 1573
784 785
1043 1045
482 483
518 522
1349 1353
1648 1649
515 516
1626 1630
1411 1413
278 280
818 819
850 851
1296 1346
322 323
1681 1682
1300 1316
1053 1067
1153 1154
20 21
1379 1380
883 884
1142 1144
355 356
1186 1187
53 54
832 838
1477 1479
484 506
916 917
315 319
388 389
949 950
421 422
1511 1513
950 951
134 136
1781 1782
681 683
1212 1216
1253 1254
411 413
983 984
1242 1244
455 456
1286 1287
1577 1579
1256 1264
488 489
747 749
1319 1320
218 219
251 253
477 479
219 220
1643 1645
522 523
1115 1117
554 555
555 556
1148 1150
587 588
506 514
285 286
1709 1711
588 589
48 50
218 232
1451 1452
923 924
322 326
1754 1755
125 126
904 910
1743 1745
913 915
1536 1537
687 688
719 720
159 160
1518 1519
949 953
442 448
960 968
979 981
192 193
1551 1552
1023 1024
1303 1307
181 183
1473 1489
1012 1014
144 152
1584 1585
1056 1057
487 491
1635 1636
786 787
1045 1047
258 259
1089 1090
1716 1746
291 292
1683 1685
550 552
1122 1123
564 572
853 854
605 609
1717 1719
283 329
1735 1736
660 661
919 921
358 359
1771 1775
1750 1752
649 651
693 694
1240 1241
391 392
424 425
1255 1256
1535 1539
727 728
187 189
1007 1011
457 458
716 718
1288 1289
760 761
359 417
1011 1017
770 774
221 223
793 794
1372 1373
1387 1389
1613 1615
826 827
1657 1658
815 817
28 29
1118 1120
29 30
1668 1672
707 731
892 893
1358 1366
590 591
870 874
1730 1732
62 63
94 95
353 355
51 53
397 398
623 624
874 880
1775 1776
378 384
1505 1506
430 431
128 129
707 708
98 106
1250 1252
722 724
1789 1795
452 454
404 414
464 465
1571 1572
1283 1285
1043 1044
194 195
497 498
777 781
769 777
1608 1612
227 228
530 531
821 823
1208 1232
508 512
519 521
1091 1092
1350 1352
563 564
1394 1395
854 856
261 262
533 541
326 328
13 17
1445 1446
24 26
294 295
1405 1409
906 908
629 630
256 268
1176 1177
588 598
921 923
134 135
1209 1210
360 361
681 682
1500 1502
91 93
411 412
943 947
1242 1243
954 956
145 149
1545 1546
696 697
156 158
7 215
747 748
189 191
1020 1022
1323 1325
234 235
1446 1544
813 814
1780 1798
525 527
795 796
1098 1099
558 560
757 769
1645 1646
1105 1107
1375 1376
1678 1679
1138 1140
657 687
1120 1122
333 334
880 881
311 315
1711 1712
1171 1173
1743 1744
625 627
913 914
97 98
418 419
1489 1491
1157 1167
1777 1778
982 986
961 963
680 684
691 693
979 980
1012 1013
484 485
196 198
1255 1265
746 750
1045 1046
517 518
1348 1349
1267 1275
499 500
750 756
1318 1326
802 803
550 551
1381 1382
4 5
263 265
1382 1383
1414 1415
361 391
565 566
1112 1113
1717 1718
656 690
1415 1416
1447 1448
1706 1708
919 920
1145 1146
857 859
1750 1751
617 618
1448 1449
933 1083
1699 1705
1739 1741
1513 1514
912 916
1772 1774
384 388
543 561
155 156
114 118
1514 1515
1085 1109
217 247
137 138
716 717
587 603
1547 1548
1019 1020
170 171
1110 1138
1310 1312
1509 1521
221 222
1580 1581
1052 1053
203 204
494 496
1613 1614
1085 1086
2 1202
815 816
1086 1087
546 548
1118 1119
745 757
269 270
549 553
528 530
708 726
1712 1714
579 581
1680 1681
1184 1185
51 52
84 86
656 657
594 596
882 883
1185 1186
1217 1218
1436 1442
911 919
1218 1219
678 680
930 932
1250 1251
1449 1497
121 125
113 121
132 134
420 421
1513 1517
1554 1555
1014 1016
1586 1587
165 167
358 482
435 436
155 159
1587 1588
1546 1550
1619 1620
486 487
789 790
220 224
1620 1621
586 610
519 520
1318 1319
778 780
1350 1351
1609 1611
1749 1771
823 824
1686 1687
265 267
585 623
856 857
316 318
1648 1660
287 291
1719 1720
586 587
58 59
1417 1418
921 922
1720 1721
1752 1753
1224 1225
91 92
1450 1451
1483 1485
634 636
954 955
1753 1754
1213 1215
345 353
1785 1786
1257 1258
43 51
1763 1767
987 988
1786 1787
1217 1221
988 989
1247 1249
460 461
1239 1245
1323 1324
172 173
1280 1282
752 754
784 786
1054 1055
1313 1315
256 257
1055 1056
507 513
818 820
1390 1391
257 258
1649 1651
1088 1089
1681 1683
1120 1121
1153 1155
1379 1381
1423 1424
1186 1188
53 55
625 626
1404 1410
323 324
1207 1247
658 659
285 297
57 61
1457 1458
1489 1490
961 962
1792 1793
659 660
691 692
90 94
950 952
82 90
1522 1523
942 948
994 995
1253 1255
1523 1524
983 985
1027 1028
1633 1661
1257 1261
1183 1195
987 991
488 490
758 759
130 144
1589 1590
456 457
1320 1322
759 760
263 264
1622 1623
1042 1048
522 524
1353 1355
555 557
1127 1128
857 858
583 655
297 298
1097 1105
329 330
1688 1689
27 28
1445 1559
330 331
923 925
362 363
1161 1162
891 892
363 364
395 396
1485 1487
396 397
1755 1756
428 429
687 689
159 161
1518 1520
731 732
957 958
429 430
1551 1553
1023 1025
1056 1058
1027 1031
1326 1327
193 194
786 788
1078 1082
428 442
528 529
0 1
1359 1360
1145 1171
831 832
1662 1663
1122 1124
1392 1393
1695 1696
562 563
594 595
66 67
1425 1426
875 879
67 68
99 100
1698 1706
930 931
1189 1191
887 889
100 101
132 133
963 964
542 562
1510 1511
661 662
1492 1493
392 394
1084 1110
964 965
424 426
122 124
468 469
694 695
727 729
997 998
760 762
199 200
1591 1593
458 460
1289 1291
1302 1310
1609 1610
793 795
232 233
491 493
1063 1064
202 210
233 234
826 828
1173 1201
265 266
1657 1659
1355 1357
1399 1400
298 299
65 97
1129 1130
29 31
299 300
331 332
1691 1693
62 64
1561 1583
634 635
893 895
332 333
584 634
364 365
1403 1411
1583 1607
1454 1456
1775 1777
926 928
365 366
1757 1759
1196 1197
1476 1480
482 542
648 654
668 669
99 103
1247 1248
638 646
1790 1792
1280 1281
431 432
1371 1399
464 466
752 753
1583 1584
162 164
194 196
1313 1314
468 472
1598 1599
744 784
530 532
216 256
1649 1650
228 230
800 801
1059 1061
1631 1632
1091 1093
2 3
261 263
833 834
305 306
3 4
1416 1420
35 36
1634 1642
294 296
1114 1118
1586 1602
1125 1127
804 812
36 37
68 69
1716 1717
1748 1749
899 900
1446 1447
371 372
630 632
69 70
1749 1750
1461 1463
372 373
404 405
1782 1783
933 934
1372 1390
364 368
405 406
696 698
1723 1733
1527 1529
1238 1246
718 722
869 891
448 452
1268 1274
1320 1321
1279 1283
1032 1034
751 755
1050 1051
234 236
1353 1354
763 765
1335 1336
1083 1084
795 797
537 538
1645 1647
9 10
1368 1369
840 841
170 192
829 831
42 43
268 269
333 335
20 24
1132 1134
12 20
1452 1453
603 604
1150 1151
75 76
1453 1454
544 554
1485 1486
56 62
1183 1184
895 897
655 656
637 638
417 455
1777 1779
68 72
928 930
42 56
1781 1785
1754 1768
1452 1466
1278 1286
1585 1586
499 501
1319 1323
1618 1619
1090 1091
241 242
1072 1073
1651 1652
1071 1077
274 275
1382 1384
554 558
1562 1580
1652 1653
1156 1157
566 568
5 6
610 611
1157 1158
1189 1190
887 888
902 904
1620 1678
392 393
1463 1465
122 123
614 622
1514 1516
953 954
665 667
1156 1170
1175 1183
968 970
1256 1257
407 408
1547 1549
1591 1592
458 459
329 345
1001 1003
709 715
1289 1290
1580 1582
491 492
362 378
473 474
204 206
1355 1356
506 507
1086 1088
237 239
809 810
11 12
1691 1692
1090 1094
129 153
893 894
44 45
971 993
1724 1725
591 592
8 128
1422 1423
1454 1455
606 608
926 927
1725 1726
1757 1758
336 338
624 625
1167 1169
639 641
1218 1220
1790 1791
657 658
9 65
129 130
960 961
672 674
391 395
1211 1217
690 691
402 404
1295 1296
162 163
1233 1235
1521 1522
901 911
993 994
799 863
144 145
395 401
66 82
177 178
1288 1292
228 229
940 960
1059 1060
210 211
1362 1363
1588 1589
10 42
564 565
690 704
790 791
502 504
823 825
1395 1396
1621 1622
1654 1656
993 1007
1686 1688
1125 1126
28 32
1158 1159
58 60
1417 1419
630 631
1368 1414
268 278
1461 1462
881 887
1720 1722
1159 1160
590 594
563 577
361 362
1192 1193
1475 1481
1527 1528
1786 1788
1225 1226
1505 1509
430 434
637 647
988 990
1560 1561
460 462
1032 1033
1258 1259
1561 1562
763 764
475 477
154 162
217 218
227 231
1627 1628
1018 1026
250 251
1390 1392
829 830
456 468
249 255
1040 1050
1132 1133
1358 1359
1394 1398
32 33
803 813
863 864
323 325
1642 1648
895 896
1694 1695
286 294
65 66
1457 1459
589 597
629 633
928 929
1667 1677
368 369
1727 1728
1147 1153
1792 1794
98 99
1204 1278
802 826
330 342
1482 1488
1232 1233
131 132
1221 1223
146 148
1265 1266
1297 1298
1524 1526
769 770
995 996
1298 1299
1028 1029
419 427
1331 1332
533 534
1623 1625
1062 1063
1334 1342
1127 1129
534 535
566 567
1098 1102
869 870
1095 1096
1375 1379
1700 1701
740 868
839 847
1689 1691
902 903
1161 1163
1733 1734
600 601
1431 1432
1711 1715
1463 1464
935 936
665 666
936 937
968 969
138 139
957 959
1 1445
1001 1002
1228 1230
699 700
171 172
1530 1531
1261 1263
732 733
204 205
1563 1564
237 238
1327 1329
766 767
658 676
270 271
1662 1664
1588 1598
1381 1385
1360 1362
799 800
1392 1394
271 272
1695 1697
1 2
1621 1631
565 569
606 607
832 833
1425 1427
865 867
1437 1438
336 337
1135 1136
1167 1168
639 640
937 971
1470 1471
617 621
100 102
1459 1461
672 673
1503 1504
402 403
1233 1234
1780 1781
1492 1494
964 966
115 117
1795 1797
662 664
1474 1482
137 141
436 437
1267 1268
167 169
199 201
1019 1023
998 1000
469 470
1300 1301
203 207
1603 1604
1063 1065
502 503
1654 1655
805 806
7 8
